-0.199848
-0.199692
-0.199533
-0.19937
-0.199203
-0.199033
-0.198858
-0.19868
-0.198499
-0.198314
-0.198125
-0.197933
-0.197737
-0.197537
-0.197334
-0.197128
-0.196918
-0.196705
-0.196488
-0.196268
-0.196044
-0.195817
-0.195587
-0.195353
-0.195117
-0.194876
-0.194633
-0.194387
-0.194137
-0.193884
-0.193628
-0.193369
-0.193107
-0.192842
-0.192574
-0.192303
-0.192028
-0.191751
-0.191471
-0.191188
-0.190901
-0.190612
-0.19032
-0.190024
-0.189726
-0.189425
-0.189121
-0.188814
-0.188504
-0.188192
-0.187876
-0.187558
-0.187236
-0.186912
-0.186585
-0.186256
-0.185923
-0.185588
-0.18525
-0.184909
-0.184566
-0.184219
-0.18387
-0.183519
-0.183165
-0.182808
-0.182448
-0.182086
-0.181721
-0.181354
-0.180984
-0.180612
-0.180237
-0.179859
-0.179479
-0.179097
-0.178712
-0.178324
-0.177935
-0.177542
-0.177148
-0.176751
-0.176352
-0.17595
-0.175546
-0.17514
-0.174731
-0.174321
-0.173908
-0.173493
-0.173075
-0.172656
-0.172234
-0.17181
-0.171384
-0.170955
-0.170524
-0.170092
-0.169657
-0.169219
-0.16878
-0.168339
-0.167895
-0.167449
-0.167001
-0.166551
-0.166099
-0.165644
-0.165188
-0.164729
-0.164268
-0.163805
-0.163341
-0.162873
-0.162404
-0.161933
-0.16146
-0.160984
-0.160507
-0.160027
-0.159546
-0.159062
-0.158576
-0.158089
-0.157599
-0.157107
-0.156613
-0.156117
-0.15562
-0.15512
-0.154618
-0.154114
-0.153609
-0.153101
-0.152591
-0.15208
-0.151567
-0.151052
-0.150535
-0.150016
-0.149496
-0.148974
-0.14845
-0.147924
-0.147397
-0.146868
-0.146338
-0.145806
-0.145272
-0.144737
-0.1442
-0.143662
-0.143122
-0.142581
-0.142038
-0.141494
-0.140949
-0.140402
-0.139854
-0.139304
-0.138753
-0.1382
-0.137647
-0.137092
-0.136536
-0.135978
-0.135419
-0.134859
-0.134298
-0.133736
-0.133172
-0.132607
-0.132042
-0.131475
-0.130907
-0.130337
-0.129767
-0.129196
-0.128623
-0.12805
-0.127476
-0.1269
-0.126324
-0.125746
-0.125168
-0.124589
-0.124008
-0.123427
-0.122845
-0.122262
-0.121679
-0.121094
-0.120508
-0.119922
-0.119335
-0.118747
-0.118158
-0.117569
-0.116978
-0.116387
-0.115795
-0.115203
-0.11461
-0.114016
-0.113421
-0.112826
-0.11223
-0.111633
-0.111036
-0.110438
-0.10984
-0.109241
-0.108641
-0.108041
-0.10744
-0.106838
-0.106236
-0.105634
-0.105031
-0.104427
-0.103823
-0.103219
-0.102614
-0.102009
-0.101403
-0.100796
-0.10019
-0.0995824
-0.0989749
-0.0983669
-0.0977585
-0.0971499
-0.0965409
-0.0959315
-0.0953219
-0.0947121
-0.094102
-0.0934916
-0.0928811
-0.0922703
-0.0916594
-0.0910483
-0.090437
-0.0898255
-0.089214
-0.0886023
-0.0879905
-0.0873785
-0.0867665
-0.0861545
-0.0855423
-0.0849301
-0.0843179
-0.0837057
-0.0830935
-0.0824813
-0.0818692
-0.0812571
-0.0806451
-0.0800332
-0.0794215
-0.0788098
-0.0781983
-0.077587
-0.0769759
-0.076365
-0.0757543
-0.0751439
-0.0745337
-0.0739238
-0.0733142
-0.072705
-0.072096
-0.0714874
-0.0708792
-0.0702714
-0.069664
-0.069057
-0.0684504
-0.0678443
-0.0672387
-0.0666336
-0.066029
-0.0654249
-0.0648214
-0.0642184
-0.0636161
-0.0630143
-0.0624132
-0.0618127
-0.0612128
-0.0606137
-0.0600152
-0.0594174
-0.0588204
-0.0582241
-0.0576286
-0.0570338
-0.0564398
-0.0558467
-0.0552543
-0.0546628
-0.0540722
-0.0534824
-0.0528936
-0.0523056
-0.0517186
-0.0511325
-0.0505474
-0.0499633
-0.0493802
-0.0487981
-0.0482171
-0.047637
-0.0470581
-0.0464801
-0.0459033
-0.0453274
-0.0447527
-0.0441791
-0.0436065
-0.043035
-0.0424647
-0.0418954
-0.0413273
-0.0407603
-0.0401944
-0.0396297
-0.0390661
-0.0385036
-0.0379424
-0.0373823
-0.0368233
-0.0362656
-0.0357091
-0.0351537
-0.0345996
-0.0340466
-0.0334949
-0.0329444
-0.0323952
-0.0318472
-0.0313004
-0.0307549
-0.0302107
-0.0296677
-0.029126
-0.0285856
-0.0280465
-0.0275087
-0.0269722
-0.026437
-0.0259031
-0.0253705
-0.0248393
-0.0243094
-0.0237809
-0.0232537
-0.0227279
-0.0222034
-0.0216804
-0.0211587
-0.0206384
-0.0201194
-0.0196019
-0.0190858
-0.0185712
-0.0180579
-0.017546
-0.0170356
-0.0165267
-0.0160192
-0.0155131
-0.0150085
-0.0145054
-0.0140038
-0.0135036
-0.0130049
-0.0125077
-0.012012
-0.0115178
-0.0110252
-0.010534
-0.0100444
-0.00955633
-0.00906979
-0.00858479
-0.00810134
-0.00761945
-0.00713912
-0.00666037
-0.00618319
-0.00570759
-0.00523358
-0.00476117
-0.00429037
-0.00382116
-0.00335358
-0.00288761
-0.00242327
-0.00196056
-0.00149949
-0.00104006
-0.000582288
-0.000126168
0.00032829
0.00078108
0.0012322
0.00168163
0.00212938
0.00257544
0.00301981
0.00346246
0.00390341
0.00434265
0.00478017
0.00521596
0.00565001
0.00608233
0.00651291
0.00694174
0.00736882
0.00779413
0.00821768
0.00863946
0.00905947
0.00947769
0.00989412
0.0103088
0.0107216
0.0111326
0.0115419
0.0119493
0.0123549
0.0127587
0.0131606
0.0135607
0.013959
0.0143554
0.01475
0.0151427
0.0155336
0.0159226
0.0163097
0.0166949
0.0170783
0.0174598
0.0178393
0.018217
0.0185928
0.0189667
0.0193387
0.0197087
0.0200769
0.0204431
0.0208074
0.0211697
0.0215301
0.0218886
0.0222451
0.0225997
0.0229523
0.0233029
0.0236516
0.0239983
0.024343
0.0246857
0.0250265
0.0253653
0.0257021
0.0260368
0.0263696
0.0267004
0.0270291
0.0273559
0.0276806
0.0280033
0.028324
0.0286426
0.0289592
0.0292738
0.0295863
0.0298967
0.0302052
0.0305115
0.0308158
0.031118
0.0314182
0.0317163
0.0320123
0.0323062
0.0325981
0.0328878
0.0331755
0.0334611
0.0337446
0.0340259
0.0343052
0.0345823
0.0348574
0.0351303
0.0354011
0.0356698
0.0359363
0.0362007
0.036463
0.0367232
0.0369812
0.037237
0.0374907
0.0377423
0.0379917
0.0382389
0.038484
0.038727
0.038968
0.0392068
0.0394436
0.0396783
0.039911
0.0401417
0.0403704
0.0405971
0.0408218
0.0410446
0.0412655
0.0414844
0.0417014
0.0419165
0.0421297
0.0423411
0.0425506
0.0427583
0.0429641
0.0431681
0.0433703
0.0435707
0.0437694
0.0439662
0.0441613
0.0443547
0.0445463
0.0447362
0.0449244
0.0451109
0.0452958
0.0454789
0.0456604
0.0458402
0.0460183
0.0461949
0.0463698
0.046543
0.0467147
0.0468848
0.0470533
0.0472202
0.0473856
0.0475494
0.0477116
0.0478723
0.0480315
0.0481892
0.0483453
0.0485
0.0486531
0.0488048
0.0489549
0.0491036
0.0492509
0.0493967
0.049541
0.0496839
0.0498254
0.0499654
0.0501041
0.0502413
0.0503771
0.0505116
0.0506446
0.0507763
0.0509065
0.0510354
0.0511629
0.051289
0.0514138
0.0515371
0.0516591
0.0517797
0.051899
0.0520168
0.0521333
0.0522484
0.0523621
0.0524744
0.0525853
0.0526949
0.052803
0.0529098
0.0530152
0.0531192
0.0532218
0.053323
0.0534228
0.0535212
0.0536183
0.0537139
0.0538082
0.0539011
0.0539926
0.0540827
0.0541714
0.0542587
0.0543446
0.0544292
0.0545123
0.0545941
0.0546745
0.0547535
0.0548311
0.0549074
0.0549822
0.0550557
0.0551278
0.0551985
0.0552679
0.0553359
0.0554025
0.0554677
0.0555316
0.0555941
0.0556552
0.055715
0.0557734
0.0558304
0.0558861
0.0559405
0.0559935
0.0560451
0.0560954
0.0561444
0.056192
0.0562383
0.0562832
0.0563269
0.0563691
0.0564101
0.0564498
0.0564881
0.0565251
0.0565608
0.0565952
0.0566283
0.0566601
0.0566906
0.0567198
0.0567477
0.0567744
0.0567997
0.0568238
0.0568466
0.0568682
0.0568886
0.0569077
0.0569256
0.0569423
0.0569578
0.0569721
0.0569853
0.0569973
0.0570082
0.057018
0.0570266
0.0570342
0.0570406
0.057046
0.0570504
0.0570537
0.0570559
0.0570572
0.0570574
0.0570567
0.057055
0.0570524
0.0570488
0.0570442
0.0570387
0.0570323
0.057025
0.0570168
0.0570077
0.0569978
0.0569869
0.0569752
0.0569626
0.0569492
0.0569349
0.0569198
0.0569039
0.0568872
0.0568696
0.0568512
0.0568321
0.0568121
0.0567914
0.0567699
0.0567476
0.0567246
0.0567008
0.0566763
0.056651
0.056625
0.0565982
0.0565708
0.0565426
0.0565137
0.056484
0.0564537
0.0564227
0.056391
0.0563586
0.0563256
0.0562918
0.0562574
0.0562224
0.0561867
0.0561503
0.0561133
0.0560757
0.0560374
0.0559985
0.055959
0.0559188
0.0558781
0.0558367
0.0557947
0.0557522
0.055709
0.0556653
0.055621
0.0555761
0.0555307
0.0554847
0.0554381
0.055391
0.0553433
0.0552951
0.0552463
0.055197
0.0551472
0.0550969
0.055046
0.0549947
0.0549428
0.0548904
0.0548375
0.0547842
0.0547303
0.054676
0.0546211
0.0545659
0.0545101
0.0544539
0.0543972
0.05434
0.0542825
0.0542244
0.0541659
0.054107
0.0540477
0.0539879
0.0539277
0.0538671
0.0538061
0.0537447
0.0536829
0.0536206
0.053558
0.053495
0.0534316
0.0533678
0.0533037
0.0532392
0.0531743
0.053109
0.0530434
0.0529775
0.0529112
0.0528445
0.0527775
0.0527102
0.0526426
0.0525746
0.0525063
0.0524377
0.0523687
0.0522995
0.0522299
0.0521601
0.05209
0.0520195
0.0519488
0.0518778
0.0518065
0.051735
0.0516632
0.0515911
0.0515188
0.0514462
0.0513733
0.0513002
0.0512269
0.0511533
0.0510795
0.0510054
0.0509311
0.0508566
0.0507819
0.050707
0.0506318
0.0505565
0.050481
0.0504052
0.0503293
0.0502531
0.0501768
0.0501003
0.0500237
0.0499468
0.0498698
0.0497927
0.0497153
0.0496378
0.0495601
0.0494823
0.0494043
0.0493261
0.0492478
0.0491693
0.0490907
0.0490119
0.048933
0.0488539
0.0487746
0.0486952
0.0486157
0.048536
0.0484562
0.0483762
0.048296
0.0482158
0.0481353
0.0480548
0.0479741
0.0478932
0.0478122
0.0477311
0.0476499
0.0475685
0.0474869
0.0474053
0.0473235
0.0472416
0.0471595
0.0470773
0.046995
0.0469126
0.0468301
0.0467474
0.0466646
0.0465816
0.0464986
0.0464154
0.0463321
0.0462487
0.0461652
0.0460816
0.0459978
0.0459139
0.04583
0.0457459
0.0456617
0.0455774
0.0454929
0.0454084
0.0453238
0.045239
0.0451542
0.0450692
0.0449842
0.044899
0.0448138
0.0447284
0.044643
0.0445574
0.0444718
0.044386
0.0443002
0.0442143
0.0441282
0.0440421
0.0439559
0.0438696
0.0437832
0.0436968
0.0436102
0.0435236
0.0434368
0.04335
0.0432631
0.0431761
0.0430891
0.0430019
0.0429147
0.0428274
0.04274
0.0426525
0.042565
0.0424774
0.0423897
0.042302
0.0422141
0.0421262
0.0420383
0.0419502
0.0418621
0.0417739
0.0416857
0.0415974
0.041509
0.0414206
0.0413321
0.0412435
0.0411549
0.0410662
0.0409775
0.0408887
0.0407998
0.0407109
0.0406219
0.0405329
0.0404438
0.0403546
0.0402655
0.0401762
0.0400869
0.0399976
0.0399082
0.0398187
0.0397292
0.0396397
0.0395501
0.0394605
0.0393708
0.0392811
0.0391913
0.0391015
0.0390117
0.0389218
0.0388319
0.0387419
0.0386519
0.0385619
0.0384718
0.0383817
0.0382916
0.0382014
0.0381112
0.038021
0.0379307
0.0378404
0.0377501
0.0376597
0.0375693
0.0374789
0.0373885
0.037298
0.0372075
0.037117
0.0370265
0.0369359
0.0368453
0.0367547
0.0366641
0.0365735
0.0364828
0.0363921
0.0363014
0.0362107
0.03612
0.0360293
0.0359385
0.0358478
0.035757
0.0356662
0.0355754
0.0354846
0.0353938
0.035303
0.0352122
0.0351214
0.0350306
0.0349398
0.034849
0.0347582
0.0346674
0.0345766
0.0344858
0.034395
0.0343042
0.0342135
0.0341227
0.034032
0.0339413
0.0338505
0.0337599
0.0336692
0.0335785
0.0334879
0.0333973
0.0333067
0.0332161
0.0331255
0.033035
0.0329445
0.032854
0.0327636
0.0326731
0.0325827
0.0324924
0.032402
0.0323117
0.0322215
0.0321312
0.0320411
0.0319509
0.0318608
0.0317707
0.0316806
0.0315906
0.0315007
0.0314107
0.0313209
0.031231
0.0311412
0.0310515
0.0309618
0.0308722
0.0307825
0.030693
0.0306035
0.030514
0.0304246
0.0303353
0.030246
0.0301568
0.0300676
0.0299785
0.0298894
0.0298004
0.0297114
0.0296225
0.0295337
0.0294449
0.0293562
0.0292676
0.029179
0.0290905
0.029002
0.0289136
0.0288253
0.0287371
0.0286489
0.0285608
0.0284727
0.0283848
0.0282969
0.028209
0.0281213
0.0280336
0.027946
0.0278584
0.027771
0.0276836
0.0275963
0.0275091
0.0274219
0.0273349
0.0272479
0.027161
0.0270741
0.0269874
0.0269007
0.0268141
0.0267277
0.0266412
0.0265549
0.0264687
0.0263825
0.0262965
0.0262105
0.0261246
0.0260388
0.0259531
0.0258675
0.0257819
0.0256965
0.0256112
0.0255259
0.0254407
0.0253557
0.0252707
0.0251858
0.0251011
0.0250164
0.0249318
0.0248473
0.0247629
0.0246786
0.0245944
0.0245103
0.0244263
0.0243424
0.0242586
0.024175
0.0240914
0.0240079
0.0239245
0.0238412
0.023758
0.023675
0.023592
0.0235091
0.0234264
0.0233437
0.0232612
0.0231788
0.0230965
0.0230142
0.0229321
0.0228501
0.0227683
0.0226865
0.0226048
0.0225233
0.0224418
0.0223605
0.0222793
0.0221982
0.0221172
0.0220363
0.0219555
0.0218749
0.0217944
0.0217139
0.0216336
0.0215535
0.0214734
0.0213935
0.0213136
0.0212339
0.0211543
0.0210748
0.0209955
0.0209162
0.0208371
0.0207581
0.0206792
0.0206005
0.0205219
0.0204433
0.020365
0.0202867
0.0202085
0.0201305
0.0200526
0.0199748
0.0198972
0.0198197
0.0197423
0.019665
0.0195878
0.0195108
0.0194339
0.0193571
0.0192805
0.019204
0.0191276
0.0190513
0.0189752
0.0188992
0.0188233
0.0187475
0.0186719
0.0185964
0.0185211
0.0184458
0.0183707
0.0182957
0.0182209
0.0181462
0.0180716
0.0179972
0.0179228
0.0178487
0.0177746
0.0177007
0.0176269
0.0175532
0.0174797
0.0174063
0.0173331
0.0172599
0.017187
0.0171141
0.0170414
0.0169688
0.0168963
0.016824
0.0167519
0.0166798
0.0166079
0.0165361
0.0164645
0.016393
0.0163216
0.0162504
0.0161793
0.0161084
0.0160376
0.0159669
0.0158963
0.0158259
0.0157557
0.0156856
0.0156156
0.0155457
0.015476
0.0154064
0.015337
0.0152677
0.0151986
0.0151295
0.0150607
0.0149919
0.0149233
0.0148549
0.0147866
0.0147184
0.0146504
0.0145825
0.0145147
0.0144471
0.0143797
0.0143123
0.0142451
0.0141781
0.0141112
0.0140444
0.0139778
0.0139113
0.013845
0.0137788
0.0137127
0.0136468
0.0135811
0.0135154
0.01345
0.0133846
0.0133194
0.0132544
0.0131895
0.0131247
0.0130601
0.0129956
0.0129312
0.012867
0.012803
0.0127391
0.0126753
0.0126117
0.0125482
0.0124849
0.0124217
0.0123587
0.0122957
0.012233
0.0121704
0.0121079
0.0120456
0.0119834
0.0119214
0.0118595
0.0117977
0.0117361
0.0116747
0.0116134
0.0115522
0.0114912
0.0114303
0.0113695
0.011309
0.0112485
0.0111882
0.011128
0.011068
0.0110082
0.0109484
0.0108889
0.0108294
0.0107702
0.010711
0.010652
0.0105932
0.0105345
0.0104759
0.0104175
0.0103592
0.0103011
0.0102431
0.0101853
0.0101276
0.01007
0.0100126
0.00995537
0.00989826
0.00984129
0.00978447
0.0097278
0.00967127
0.00961488
0.00955864
0.00950254
0.00944659
0.00939079
0.00933513
0.00927961
0.00922424
0.00916901
0.00911393
0.00905899
0.0090042
0.00894955
0.00889505
0.00884069
0.00878648
0.00873241
0.00867848
0.0086247
0.00857107
0.00851757
0.00846423
0.00841102
0.00835797
0.00830505
0.00825228
0.00819965
0.00814717
0.00809483
0.00804264
0.00799059
0.00793868
0.00788692
0.0078353
0.00778383
0.0077325
0.00768131
0.00763026
0.00757936
0.0075286
0.00747799
0.00742752
0.00737719
0.007327
0.00727696
0.00722706
0.00717731
0.00712769
0.00707822
0.00702889
0.00697971
0.00693066
0.00688176
0.006833
0.00678438
0.00673591
0.00668758
0.00663939
0.00659134
0.00654343
0.00649566
0.00644804
0.00640056
0.00635321
0.00630601
0.00625896
0.00621204
0.00616526
0.00611862
0.00607213
0.00602577
0.00597956
0.00593349
0.00588755
0.00584176
0.00579611
0.00575059
0.00570522
0.00565999
0.00561489
0.00556994
0.00552513
0.00548045
0.00543591
0.00539152
0.00534726
0.00530314
0.00525916
0.00521532
0.00517162
0.00512805
0.00508462
0.00504134
0.00499819
0.00495517
0.0049123
0.00486956
0.00482696
0.0047845
0.00474218
0.00469999
0.00465794
0.00461602
0.00457425
0.00453261
0.0044911
0.00444973
0.0044085
0.00436741
0.00432645
0.00428562
0.00424493
0.00420438
0.00416396
0.00412368
0.00408353
0.00404352
0.00400364
0.0039639
0.00392429
0.00388482
0.00384548
0.00380627
0.0037672
0.00372826
0.00368946
0.00365079
0.00361225
0.00357384
0.00353557
0.00349743
0.00345942
0.00342155
0.00338381
0.0033462
0.00330872
0.00327138
0.00323416
0.00319708
0.00316013
0.00312331
0.00308662
0.00305006
0.00301363
0.00297734
0.00294117
0.00290513
0.00286923
0.00283345
0.0027978
0.00276229
0.0027269
0.00269164
0.00265651
0.00262151
0.00258664
0.0025519
0.00251728
0.00248279
0.00244843
0.0024142
0.0023801
0.00234612
0.00231228
0.00227855
0.00224496
0.00221149
0.00217815
0.00214494
0.00211185
0.00207888
0.00204605
0.00201334
0.00198075
0.00194829
0.00191596
0.00188374
0.00185166
0.0018197
0.00178786
0.00175615
0.00172456
0.0016931
0.00166176
0.00163054
0.00159944
0.00156847
0.00153763
0.0015069
0.0014763
0.00144582
0.00141546
0.00138522
0.00135511
0.00132511
0.00129524
0.00126549
0.00123586
0.00120635
0.00117696
0.00114769
0.00111855
0.00108952
0.00106061
0.00103182
0.00100315
0.000974602
0.000946171
0.000917858
0.000889665
0.000861589
0.000833632
0.000805793
0.000778072
0.000750468
0.000722981
0.000695612
0.00066836
0.000641225
0.000614206
0.000587303
0.000560517
0.000533846
0.000507292
0.000480853
0.000454529
0.00042832
0.000402227
0.000376248
0.000350383
0.000324633
0.000298997
0.000273475
0.000248067
0.000222772
0.00019759
0.000172521
0.000147566
0.000122723
9.79918e-005
7.33734e-005
4.88669e-005
2.44723e-005
1.89177e-007
-2.39825e-005
-4.80431e-005
-7.19926e-005
-9.58315e-005
-0.00011956
-0.000143178
-0.000166686
-0.000190084
-0.000213372
-0.000236551
-0.000259621
-0.000282581
-0.000305433
-0.000328176
-0.000350811
-0.000373338
-0.000395757
-0.000418068
-0.000440271
-0.000462367
-0.000484356
-0.000506239
-0.000528014
-0.000549683
-0.000571246
-0.000592703
-0.000614054
-0.0006353
-0.00065644
-0.000677475
-0.000698406
-0.000719231
-0.000739952
-0.000760569
-0.000781082
-0.000801491
-0.000821796
-0.000841998
-0.000862097
-0.000882093
-0.000901987
-0.000921777
-0.000941466
-0.000961053
-0.000980537
-0.00099992
-0.0010192
-0.00103838
-0.00105746
-0.00107644
-0.00109532
-0.0011141
-0.00113278
-0.00115135
-0.00116983
-0.00118821
-0.00120649
-0.00122467
-0.00124276
-0.00126074
-0.00127863
-0.00129642
-0.00131411
-0.0013317
-0.00134919
-0.00136659
-0.00138389
-0.0014011
-0.0014182
-0.00143522
-0.00145213
-0.00146895
-0.00148568
-0.00150231
-0.00151884
-0.00153528
-0.00155162
-0.00156787
-0.00158403
-0.00160009
-0.00161606
-0.00163193
-0.00164772
-0.0016634
-0.001679
-0.0016945
-0.00170991
-0.00172523
-0.00174046
-0.00175559
-0.00177063
-0.00178559
-0.00180045
-0.00181522
-0.0018299
-0.00184448
-0.00185898
-0.00187339
-0.00188771
-0.00190194
-0.00191608
-0.00193013
-0.0019441
-0.00195797
-0.00197176
-0.00198545
-0.00199906
-0.00201259
-0.00202602
-0.00203937
-0.00205263
-0.0020658
-0.00207889
-0.00209189
-0.00210481
-0.00211764
-0.00213038
-0.00214304
-0.00215561
-0.0021681
-0.00218051
-0.00219283
-0.00220506
-0.00221721
-0.00222928
-0.00224126
-0.00225316
-0.00226498
-0.00227671
-0.00228837
-0.00229993
-0.00231142
-0.00232283
-0.00233415
-0.00234539
-0.00235655
-0.00236763
-0.00237863
-0.00238955
-0.00240039
-0.00241114
-0.00242182
-0.00243242
-0.00244294
-0.00245338
-0.00246374
-0.00247402
-0.00248422
-0.00249434
-0.00250439
-0.00251436
-0.00252425
-0.00253406
-0.0025438
-0.00255346
-0.00256304
-0.00257254
-0.00258197
-0.00259132
-0.0026006
-0.0026098
-0.00261893
-0.00262798
-0.00263696
-0.00264586
-0.00265468
-0.00266343
-0.00267211
-0.00268072
-0.00268925
-0.0026977
-0.00270609
-0.0027144
-0.00272264
-0.0027308
-0.0027389
-0.00274692
-0.00275487
-0.00276274
-0.00277055
-0.00277828
-0.00278595
-0.00279354
-0.00280106
-0.00280852
-0.0028159
-0.00282321
-0.00283045
-0.00283763
-0.00284473
-0.00285176
-0.00285873
-0.00286563
-0.00287246
-0.00287922
-0.00288591
-0.00289254
-0.0028991
-0.00290559
-0.00291201
-0.00291837
-0.00292466
-0.00293088
-0.00293704
-0.00294313
-0.00294915
-0.00295511
-0.00296101
-0.00296683
-0.0029726
-0.0029783
-0.00298393
-0.0029895
-0.00299501
-0.00300045
-0.00300583
-0.00301114
-0.00301639
-0.00302158
-0.00302671
-0.00303177
-0.00303677
-0.00304171
-0.00304659
-0.0030514
-0.00305615
-0.00306084
-0.00306547
-0.00307004
-0.00307455
-0.003079
-0.00308338
-0.00308771
-0.00309198
-0.00309619
-0.00310033
-0.00310442
-0.00310845
-0.00311242
-0.00311634
-0.00312019
-0.00312398
-0.00312772
-0.0031314
-0.00313502
-0.00313859
-0.0031421
-0.00314555
-0.00314894
-0.00315228
-0.00315556
-0.00315878
-0.00316195
-0.00316506
-0.00316812
-0.00317112
-0.00317407
-0.00317696
-0.0031798
-0.00318258
-0.00318531
-0.00318799
-0.00319061
-0.00319317
-0.00319569
-0.00319815
-0.00320056
-0.00320291
-0.00320521
-0.00320746
-0.00320966
-0.00321181
-0.0032139
-0.00321595
-0.00321794
-0.00321988
-0.00322177
-0.0032236
-0.00322539
-0.00322713
-0.00322882
-0.00323046
-0.00323204
-0.00323358
-0.00323507
-0.00323651
-0.0032379
-0.00323925
-0.00324054
-0.00324179
-0.00324298
-0.00324413
-0.00324524
-0.00324629
-0.0032473
-0.00324826
-0.00324917
-0.00325004
-0.00325086
-0.00325163
-0.00325236
-0.00325305
-0.00325368
-0.00325427
-0.00325482
-0.00325532
-0.00325578
-0.00325619
-0.00325656
-0.00325688
-0.00325716
-0.0032574
-0.00325759
-0.00325774
-0.00325784
-0.0032579
-0.00325792
-0.0032579
-0.00325783
-0.00325772
-0.00325757
-0.00325738
-0.00325715
-0.00325687
-0.00325655
-0.0032562
-0.0032558
-0.00325536
-0.00325488
-0.00325436
-0.0032538
-0.0032532
-0.00325256
-0.00325188
-0.00325116
-0.0032504
-0.0032496
-0.00324877
-0.00324789
-0.00324698
-0.00324603
-0.00324504
-0.00324401
-0.00324295
-0.00324184
-0.0032407
-0.00323953
-0.00323831
-0.00323706
-0.00323577
-0.00323445
-0.00323309
-0.00323169
-0.00323026
-0.00322879
-0.00322729
-0.00322575
-0.00322418
-0.00322257
-0.00322093
-0.00321925
-0.00321754
-0.00321579
-0.00321401
-0.0032122
-0.00321035
-0.00320847
-0.00320655
-0.00320461
-0.00320263
-0.00320061
-0.00319857
-0.00319649
-0.00319438
-0.00319223
-0.00319006
-0.00318785
-0.00318561
-0.00318334
-0.00318104
-0.00317871
-0.00317634
-0.00317395
-0.00317153
-0.00316907
-0.00316659
-0.00316407
-0.00316152
-0.00315895
-0.00315635
-0.00315371
-0.00315105
-0.00314836
-0.00314564
-0.00314289
-0.00314011
-0.0031373
-0.00313447
-0.0031316
-0.00312871
-0.00312579
-0.00312285
-0.00311987
-0.00311687
-0.00311384
-0.00311079
-0.00310771
-0.0031046
-0.00310146
-0.0030983
-0.00309512
-0.0030919
-0.00308866
-0.0030854
-0.00308211
-0.00307879
-0.00307545
-0.00307209
-0.0030687
-0.00306528
-0.00306184
-0.00305838
-0.00305489
-0.00305138
-0.00304784
-0.00304428
-0.0030407
-0.00303709
-0.00303346
-0.0030298
-0.00302613
-0.00302243
-0.0030187
-0.00301496
-0.00301119
-0.0030074
-0.00300359
-0.00299976
-0.0029959
-0.00299202
-0.00298812
-0.0029842
-0.00298026
-0.0029763
-0.00297231
-0.00296831
-0.00296428
-0.00296024
-0.00295617
-0.00295209
-0.00294798
-0.00294385
-0.00293971
-0.00293554
-0.00293136
-0.00292715
-0.00292293
-0.00291868
-0.00291442
-0.00291014
-0.00290584
-0.00290152
-0.00289719
-0.00289283
-0.00288846
-0.00288407
-0.00287966
-0.00287523
-0.00287079
-0.00286633
-0.00286185
-0.00285735
-0.00285284
-0.00284831
-0.00284376
-0.0028392
-0.00283462
-0.00283002
-0.00282541
-0.00282078
-0.00281613
-0.00281147
-0.0028068
-0.00280211
-0.0027974
-0.00279268
-0.00278794
-0.00278318
-0.00277842
-0.00277363
-0.00276884
-0.00276402
-0.0027592
-0.00275436
-0.0027495
-0.00274463
-0.00273975
-0.00273485
-0.00272994
-0.00272502
-0.00272008
-0.00271513
-0.00271017
-0.00270519
-0.0027002
-0.0026952
-0.00269018
-0.00268515
-0.00268011
-0.00267506
-0.00266999
-0.00266492
-0.00265983
-0.00265473
-0.00264961
-0.00264449
-0.00263935
-0.00263421
-0.00262905
-0.00262388
-0.0026187
-0.0026135
-0.0026083
-0.00260309
-0.00259786
-0.00259263
-0.00258739
-0.00258213
-0.00257686
-0.00257159
-0.0025663
-0.00256101
-0.0025557
-0.00255039
-0.00254507
-0.00253973
-0.00253439
-0.00252904
-0.00252368
-0.00251831
-0.00251293
-0.00250754
-0.00250215
-0.00249675
-0.00249133
-0.00248591
-0.00248048
-0.00247505
-0.0024696
-0.00246415
-0.00245869
-0.00245322
-0.00244774
-0.00244226
-0.00243677
-0.00243127
-0.00242577
-0.00242026
-0.00241474
-0.00240921
-0.00240368
-0.00239814
-0.0023926
-0.00238704
-0.00238149
-0.00237592
-0.00237035
-0.00236477
-0.00235919
-0.0023536
-0.00234801
-0.00234241
-0.0023368
-0.00233119
-0.00232558
-0.00231996
-0.00231433
-0.0023087
-0.00230306
-0.00229742
-0.00229177
-0.00228612
-0.00228047
-0.00227481
-0.00226914
-0.00226347
-0.0022578
-0.00225212
-0.00224644
-0.00224076
-0.00223507
-0.00222938
-0.00222368
-0.00221798
-0.00221228
-0.00220657
-0.00220086
-0.00219515
-0.00218943
-0.00218371
-0.00217799
-0.00217226
-0.00216653
-0.0021608
-0.00215507
-0.00214933
-0.0021436
-0.00213785
-0.00213211
-0.00212637
-0.00212062
-0.00211487
-0.00210912
-0.00210337
-0.00209761
-0.00209185
-0.0020861
-0.00208034
-0.00207458
-0.00206881
-0.00206305
-0.00205729
-0.00205152
-0.00204575
-0.00203998
-0.00203422
-0.00202845
-0.00202268
-0.00201691
-0.00201113
-0.00200536
-0.00199959
-0.00199382
-0.00198804
-0.00198227
-0.0019765
-0.00197073
-0.00196495
-0.00195918
-0.00195341
-0.00194764
-0.00194186
-0.00193609
-0.00193032
-0.00192455
-0.00191878
-0.00191301
-0.00190724
-0.00190148
-0.00189571
-0.00188994
-0.00188418
-0.00187842
-0.00187266
-0.0018669
-0.00186114
-0.00185538
-0.00184962
-0.00184387
-0.00183811
-0.00183236
-0.00182661
-0.00182087
-0.00181512
-0.00180938
-0.00180363
-0.00179789
-0.00179216
-0.00178642
-0.00178069
-0.00177496
-0.00176923
-0.0017635
-0.00175778
-0.00175206
-0.00174634
-0.00174063
-0.00173492
-0.00172921
-0.0017235
-0.0017178
-0.0017121
-0.0017064
-0.00170071
-0.00169502
-0.00168933
-0.00168364
-0.00167796
-0.00167229
-0.00166661
-0.00166094
-0.00165528
-0.00164961
-0.00164395
-0.0016383
-0.00163265
-0.001627
-0.00162136
-0.00161572
-0.00161008
-0.00160445
-0.00159883
-0.0015932
-0.00158758
-0.00158197
-0.00157636
-0.00157076
-0.00156516
-0.00155956
-0.00155397
-0.00154838
-0.0015428
-0.00153722
-0.00153165
-0.00152608
-0.00152052
-0.00151497
-0.00150941
-0.00150387
-0.00149832
-0.00149279
-0.00148726
-0.00148173
-0.00147621
-0.00147069
-0.00146518
-0.00145968
-0.00145418
-0.00144869
-0.0014432
-0.00143772
-0.00143224
-0.00142677
-0.00142131
-0.00141585
-0.00141039
-0.00140495
-0.00139951
-0.00139407
-0.00138864
-0.00138322
-0.0013778
-0.00137239
-0.00136699
-0.00136159
-0.0013562
-0.00135081
-0.00134543
-0.00134006
-0.0013347
-0.00132934
-0.00132398
-0.00131864
-0.0013133
-0.00130797
-0.00130264
-0.00129732
-0.00129201
-0.0012867
-0.00128141
-0.00127611
-0.00127083
-0.00126555
-0.00126028
-0.00125502
-0.00124976
-0.00124451
-0.00123927
-0.00123404
-0.00122881
-0.00122359
-0.00121838
-0.00121317
-0.00120797
-0.00120278
-0.0011976
-0.00119242
-0.00118725
-0.00118209
-0.00117694
-0.0011718
-0.00116666
-0.00116153
-0.00115641
-0.00115129
-0.00114619
-0.00114109
-0.001136
-0.00113091
-0.00112584
-0.00112077
-0.00111571
-0.00111066
-0.00110562
-0.00110058
-0.00109556
-0.00109054
-0.00108553
-0.00108053
-0.00107553
-0.00107055
-0.00106557
-0.0010606
-0.00105564
-0.00105069
-0.00104574
-0.00104081
-0.00103588
-0.00103096
-0.00102605
-0.00102115
-0.00101626
-0.00101137
-0.0010065
-0.00100163
-0.000996771
-0.000991921
-0.000987079
-0.000982247
-0.000977423
-0.000972608
-0.000967802
-0.000963005
-0.000958216
-0.000953437
-0.000948666
-0.000943904
-0.000939151
-0.000934407
-0.000929672
-0.000924946
-0.00092023
-0.000915522
-0.000910823
-0.000906133
-0.000901452
-0.000896781
-0.000892118
-0.000887465
-0.000882821
-0.000878186
-0.000873561
-0.000868944
-0.000864337
-0.00085974
-0.000855151
-0.000850572
-0.000846002
-0.000841441
-0.00083689
-0.000832348
-0.000827816
-0.000823293
-0.00081878
-0.000814276
-0.000809781
-0.000805296
-0.00080082
-0.000796354
-0.000791898
-0.000787451
-0.000783013
-0.000778585
-0.000774167
-0.000769758
-0.000765359
-0.00076097
-0.00075659
-0.00075222
-0.00074786
-0.000743509
-0.000739168
-0.000734837
-0.000730515
-0.000726203
-0.000721901
-0.000717609
-0.000713327
-0.000709054
-0.000704791
-0.000700538
-0.000696295
-0.000692061
-0.000687838
-0.000683624
-0.00067942
-0.000675226
-0.000671042
-0.000666868
-0.000662704
-0.000658549
-0.000654405
-0.000650271
-0.000646146
-0.000642032
-0.000637927
-0.000633833
-0.000629748
-0.000625673
-0.000621609
-0.000617554
-0.00061351
-0.000609475
-0.000605451
-0.000601436
-0.000597432
-0.000593438
-0.000589453
-0.000585479
-0.000581515
-0.000577561
-0.000573617
-0.000569683
-0.00056576
-0.000561846
-0.000557943
-0.000554049
-0.000550166
-0.000546293
-0.00054243
-0.000538577
-0.000534735
-0.000530902
-0.00052708
-0.000523268
-0.000519466
-0.000515674
-0.000511892
-0.000508121
-0.000504359
-0.000500608
-0.000496867
-0.000493137
-0.000489416
-0.000485706
-0.000482006
-0.000478316
-0.000474636
-0.000470967
-0.000467307
-0.000463658
-0.000460019
-0.000456391
-0.000452772
-0.000449164
-0.000445566
-0.000441978
-0.000438401
-0.000434833
-0.000431276
-0.000427729
-0.000424193
-0.000420666
-0.00041715
-0.000413644
-0.000410149
-0.000406663
-0.000403188
-0.000399723
-0.000396268
-0.000392823
-0.000389389
-0.000385965
-0.000382551
-0.000379147
-0.000375754
-0.00037237
-0.000368997
-0.000365634
-0.000362282
-0.000358939
-0.000355607
-0.000352285
-0.000348973
-0.000345672
-0.00034238
-0.000339099
-0.000335828
-0.000332567
-0.000329317
-0.000326076
-0.000322846
-0.000319626
-0.000316416
-0.000313216
-0.000310027
-0.000306848
-0.000303678
-0.000300519
-0.00029737
-0.000294232
-0.000291103
-0.000287984
-0.000284876
-0.000281778
-0.00027869
-0.000275612
-0.000272544
-0.000269486
-0.000266438
-0.000263401
-0.000260373
-0.000257356
-0.000254349
-0.000251352
-0.000248364
-0.000245387
-0.00024242
-0.000239463
-0.000236517
-0.00023358
-0.000230653
-0.000227736
-0.000224829
-0.000221932
-0.000219046
-0.000216169
-0.000213302
-0.000210445
-0.000207598
-0.000204762
-0.000201935
-0.000199118
-0.000196311
-0.000193514
-0.000190726
-0.000187949
-0.000185182
-0.000182425
-0.000179677
-0.00017694
-0.000174212
-0.000171494
-0.000168786
-0.000166088
-0.0001634
-0.000160721
-0.000158053
-0.000155394
-0.000152745
-0.000150106
-0.000147476
-0.000144857
-0.000142247
-0.000139647
-0.000137056
-0.000134476
-0.000131905
-0.000129344
-0.000126793
-0.000124251
-0.000121719
-0.000119197
-0.000116684
-0.000114181
-0.000111688
-0.000109204
-0.00010673
-0.000104266
-0.000101811
-9.93656e-005
-9.693e-005
-9.4504e-005
-9.20875e-005
-8.96806e-005
-8.72832e-005
-8.48954e-005
-8.2517e-005
-8.01482e-005
-7.77889e-005
-7.54391e-005
-7.30988e-005
-7.07679e-005
-6.84465e-005
-6.61345e-005
-6.38319e-005
-6.15388e-005
-5.9255e-005
-5.69807e-005
-5.47157e-005
-5.24601e-005
-5.02138e-005
-4.79769e-005
-4.57494e-005
-4.35311e-005
-4.13221e-005
-3.91225e-005
-3.69321e-005
-3.4751e-005
-3.25791e-005
-3.04165e-005
-2.82631e-005
-2.61189e-005
-2.3984e-005
-2.18582e-005
-1.97416e-005
-1.76341e-005
-1.55358e-005
-1.34466e-005
-1.13666e-005
-9.29566e-006
-7.23382e-006
-5.18106e-006
-3.13737e-006
-1.10273e-006
9.22874e-007
2.93945e-006
4.94701e-006
6.94558e-006
8.93516e-006
1.09158e-005
1.28874e-005
1.48501e-005
1.68039e-005
1.87488e-005
2.06848e-005
2.26119e-005
2.45301e-005
2.64394e-005
2.834e-005
3.02317e-005
3.21146e-005
3.39886e-005
3.5854e-005
3.77105e-005
3.95583e-005
4.13973e-005
4.32277e-005
4.50493e-005
4.68622e-005
4.86665e-005
5.0462e-005
5.2249e-005
5.40273e-005
5.5797e-005
5.75581e-005
5.93106e-005
6.10545e-005
6.27899e-005
6.45167e-005
6.62351e-005
6.79449e-005
6.96462e-005
7.1339e-005
7.30234e-005
7.46993e-005
7.63668e-005
7.80259e-005
7.96766e-005
8.13189e-005
8.29528e-005
8.45784e-005
8.61956e-005
8.78046e-005
8.94052e-005
9.09975e-005
9.25816e-005
9.41574e-005
9.5725e-005
9.72843e-005
9.88355e-005
0.000100378
0.000101913
0.00010344
0.000104958
0.000106469
0.000107971
0.000109465
0.000110951
0.000112429
0.000113899
0.000115361
0.000116815
0.000118261
0.000119699
0.000121129
0.000122551
0.000123965
0.000125372
0.00012677
0.000128161
0.000129543
0.000130918
0.000132285
0.000133644
0.000134996
0.000136339
0.000137675
0.000139003
0.000140323
0.000141636
0.000142941
0.000144238
0.000145528
0.00014681
0.000148085
0.000149351
0.000150611
0.000151862
0.000153107
0.000154343
0.000155572
0.000156794
0.000158008
0.000159215
0.000160414
0.000161606
0.00016279
0.000163967
0.000165137
0.000166299
0.000167454
0.000168601
0.000169742
0.000170875
0.000172
0.000173119
0.00017423
0.000175334
0.000176431
0.000177521
0.000178603
0.000179678
0.000180747
0.000181808
0.000182862
0.000183909
0.000184949
0.000185981
0.000187007
0.000188026
0.000189038
0.000190043
0.000191041
0.000192032
0.000193016
0.000193993
0.000194963
0.000195927
0.000196883
0.000197833
0.000198776
0.000199712
0.000200642
0.000201564
0.00020248
0.00020339
0.000204292
0.000205188
0.000206077
0.00020696
0.000207836
0.000208705
0.000209568
0.000210424
0.000211273
0.000212116
0.000212953
0.000213783
0.000214607
0.000215424
0.000216234
0.000217039
0.000217836
0.000218628
0.000219413
0.000220192
0.000220964
0.00022173
0.00022249
0.000223243
0.00022399
0.000224731
0.000225466
0.000226194
0.000226917
0.000227633
0.000228343
0.000229047
0.000229745
0.000230436
0.000231122
0.000231801
0.000232475
0.000233142
0.000233803
0.000234459
0.000235108
0.000235752
0.000236389
0.000237021
0.000237647
0.000238266
0.00023888
0.000239489
0.000240091
0.000240687
0.000241278
0.000241863
0.000242442
0.000243015
0.000243583
0.000244145
0.000244701
0.000245252
0.000245797
0.000246336
0.00024687
0.000247398
0.000247921
0.000248438
0.000248949
0.000249455
0.000249955
0.00025045
0.00025094
0.000251424
0.000251902
0.000252375
0.000252843
0.000253306
0.000253763
0.000254214
0.000254661
0.000255102
0.000255537
0.000255968
0.000256393
0.000256813
0.000257228
0.000257637
0.000258041
0.000258441
0.000258835
0.000259223
0.000259607
0.000259986
0.000260359
0.000260728
0.000261091
0.00026145
0.000261803
0.000262152
0.000262495
0.000262834
0.000263167
0.000263496
0.00026382
0.000264139
0.000264453
0.000264762
0.000265066
0.000265365
0.00026566
0.00026595
0.000266235
0.000266516
0.000266791
0.000267062
0.000267329
0.00026759
0.000267847
0.000268099
0.000268347
0.00026859
0.000268828
0.000269062
0.000269292
0.000269517
0.000269737
0.000269953
0.000270164
0.000270371
0.000270573
0.000270771
0.000270964
0.000271154
0.000271338
0.000271519
0.000271695
0.000271866
0.000272034
0.000272197
0.000272355
0.00027251
0.00027266
0.000272806
0.000272948
0.000273086
0.000273219
0.000273348
0.000273474
0.000273595
0.000273711
0.000273824
0.000273933
0.000274038
0.000274138
0.000274235
0.000274327
0.000274416
0.0002745
0.000274581
0.000274658
0.00027473
0.000274799
0.000274864
0.000274925
0.000274982
0.000275036
0.000275085
0.000275131
0.000275173
0.000275211
0.000275245
0.000275276
0.000275303
0.000275326
0.000275345
0.000275361
0.000275373
0.000275382
0.000275386
0.000275388
0.000275385
0.000275379
0.00027537
0.000275356
0.00027534
0.00027532
0.000275296
0.000275269
0.000275238
0.000275204
0.000275166
0.000275125
0.000275081
0.000275033
0.000274982
0.000274927
0.000274869
0.000274808
0.000274744
0.000274676
0.000274605
0.00027453
0.000274452
0.000274372
0.000274287
0.0002742
0.000274109
0.000274016
0.000273919
0.000273819
0.000273716
0.000273609
0.0002735
0.000273388
0.000273272
0.000273153
0.000273032
0.000272907
0.000272779
0.000272649
0.000272515
0.000272378
0.000272239
0.000272096
0.000271951
0.000271802
0.000271651
0.000271497
0.00027134
0.00027118
0.000271018
0.000270852
0.000270684
0.000270513
0.000270339
0.000270162
0.000269983
0.000269801
0.000269616
0.000269429
0.000269239
0.000269046
0.00026885
0.000268652
0.000268451
0.000268248
0.000268042
0.000267833
0.000267622
0.000267408
0.000267192
0.000266973
0.000266752
0.000266528
0.000266302
0.000266073
0.000265842
0.000265608
0.000265372
0.000265134
0.000264893
0.000264649
0.000264404
0.000264156
0.000263905
0.000263653
0.000263398
0.00026314
0.000262881
0.000262619
0.000262354
0.000262088
0.000261819
0.000261548
0.000261275
0.000261
0.000260722
0.000260443
0.000260161
0.000259877
0.000259591
0.000259302
0.000259012
0.00025872
0.000258425
0.000258128
0.00025783
0.000257529
0.000257226
0.000256922
0.000256615
0.000256306
0.000255995
0.000255683
0.000255368
0.000255052
0.000254733
0.000254413
0.00025409
0.000253766
0.00025344
0.000253112
0.000252783
0.000252451
0.000252117
0.000251782
0.000251445
0.000251106
0.000250766
0.000250423
0.000250079
0.000249733
0.000249386
0.000249036
0.000248685
0.000248333
0.000247978
0.000247622
0.000247265
0.000246905
0.000246544
0.000246182
0.000245818
0.000245452
0.000245085
0.000244716
0.000244345
0.000243973
0.0002436
0.000243224
0.000242848
0.00024247
0.00024209
0.000241709
0.000241327
0.000240943
0.000240557
0.00024017
0.000239782
0.000239392
0.000239001
0.000238609
0.000238215
0.00023782
0.000237423
0.000237025
0.000236626
0.000236226
0.000235824
0.000235421
0.000235016
0.000234611
0.000234204
0.000233795
0.000233386
0.000232975
0.000232563
0.00023215
0.000231736
0.000231321
0.000230904
0.000230486
0.000230067
0.000229647
0.000229226
0.000228803
0.00022838
0.000227955
0.000227529
0.000227103
0.000226675
0.000226246
0.000225816
0.000225385
0.000224953
0.00022452
0.000224086
0.000223651
0.000223215
0.000222778
0.00022234
0.000221901
0.000221461
0.00022102
0.000220578
0.000220135
0.000219692
0.000219247
0.000218802
0.000218356
0.000217908
0.00021746
0.000217012
0.000216562
0.000216111
0.00021566
0.000215208
0.000214755
0.000214301
0.000213847
0.000213391
0.000212935
0.000212478
0.000212021
0.000211562
0.000211103
0.000210643
0.000210183
0.000209722
0.00020926
0.000208797
0.000208334
0.00020787
0.000207406
0.00020694
0.000206475
0.000206008
0.000205541
0.000205073
0.000204605
0.000204136
0.000203667
0.000203197
0.000202726
0.000202255
0.000201783
0.000201311
0.000200838
0.000200365
0.000199891
0.000199416
0.000198941
0.000198466
0.00019799
0.000197514
0.000197037
0.00019656
0.000196082
0.000195604
0.000195126
0.000194647
0.000194167
0.000193687
0.000193207
0.000192727
0.000192246
0.000191764
0.000191283
0.0001908
0.000190318
0.000189835
0.000189352
0.000188869
0.000188385
0.000187901
0.000187416
0.000186932
0.000186447
0.000185962
0.000185476
0.00018499
0.000184504
0.000184018
0.000183531
0.000183044
0.000182557
0.00018207
0.000181583
0.000181095
0.000180607
0.000180119
0.000179631
0.000179142
0.000178654
0.000178165
0.000177676
0.000177187
0.000176698
0.000176209
0.000175719
0.000175229
0.00017474
0.00017425
0.00017376
0.00017327
0.00017278
0.00017229
0.000171799
0.000171309
0.000170819
0.000170328
0.000169838
0.000169347
0.000168857
0.000168366
0.000167875
0.000167385
0.000166894
0.000166403
0.000165913
0.000165422
0.000164932
0.000164441
0.00016395
0.00016346
0.000162969
0.000162479
0.000161989
0.000161498
0.000161008
0.000160518
0.000160028
0.000159538
0.000159048
0.000158558
0.000158068
0.000157579
0.000157089
0.0001566
0.000156111
0.000155621
0.000155132
0.000154644
0.000154155
0.000153666
0.000153178
0.00015269
0.000152202
0.000151714
0.000151226
0.000150739
0.000150252
0.000149765
0.000149278
0.000148791
0.000148305
0.000147818
0.000147332
0.000146847
0.000146361
0.000145876
0.000145391
0.000144906
0.000144421
0.000143937
0.000143453
0.00014297
0.000142486
0.000142003
0.00014152
0.000141038
0.000140555
0.000140073
0.000139592
0.00013911
0.000138629
0.000138149
0.000137668
0.000137188
0.000136709
0.000136229
0.00013575
0.000135272
0.000134793
0.000134315
0.000133838
0.000133361
0.000132884
0.000132408
0.000131932
0.000131456
0.000130981
0.000130506
0.000130031
0.000129557
0.000129084
0.00012861
0.000128138
0.000127665
0.000127193
0.000126722
0.000126251
0.00012578
0.00012531
0.00012484
0.000124371
0.000123902
0.000123434
0.000122966
0.000122499
0.000122032
0.000121565
0.000121099
0.000120634
0.000120169
0.000119704
0.00011924
0.000118777
0.000118314
0.000117851
0.000117389
0.000116928
0.000116467
0.000116007
0.000115547
0.000115087
0.000114629
0.00011417
0.000113713
0.000113255
0.000112799
0.000112343
0.000111887
0.000111432
0.000110978
0.000110524
0.000110071
0.000109618
0.000109166
0.000108714
0.000108264
0.000107813
0.000107363
0.000106914
0.000106466
0.000106018
0.00010557
0.000105124
0.000104678
0.000104232
0.000103787
0.000103343
0.000102899
0.000102456
0.000102014
0.000101572
0.000101131
0.00010069
0.00010025
9.98111e-005
9.93725e-005
9.89346e-005
9.84973e-005
9.80607e-005
9.76247e-005
9.71894e-005
9.67548e-005
9.63208e-005
9.58875e-005
9.54548e-005
9.50229e-005
9.45916e-005
9.4161e-005
9.3731e-005
9.33018e-005
9.28732e-005
9.24454e-005
9.20182e-005
9.15917e-005
9.11659e-005
9.07408e-005
9.03165e-005
8.98928e-005
8.94698e-005
8.90475e-005
8.8626e-005
8.82052e-005
8.7785e-005
8.73656e-005
8.6947e-005
8.6529e-005
8.61118e-005
8.56953e-005
8.52795e-005
8.48644e-005
8.44501e-005
8.40365e-005
8.36237e-005
8.32116e-005
8.28003e-005
8.23897e-005
8.19798e-005
8.15707e-005
8.11623e-005
8.07547e-005
8.03478e-005
7.99417e-005
7.95364e-005
7.91318e-005
7.8728e-005
7.8325e-005
7.79227e-005
7.75212e-005
7.71204e-005
7.67204e-005
7.63212e-005
7.59228e-005
7.55252e-005
7.51283e-005
7.47322e-005
7.43369e-005
7.39424e-005
7.35486e-005
7.31557e-005
7.27635e-005
7.23721e-005
7.19815e-005
7.15918e-005
7.12028e-005
7.08146e-005
7.04272e-005
7.00406e-005
6.96548e-005
6.92698e-005
6.88856e-005
6.85022e-005
6.81196e-005
6.77379e-005
6.73569e-005
6.69768e-005
6.65974e-005
6.62189e-005
6.58412e-005
6.54643e-005
6.50883e-005
6.4713e-005
6.43386e-005
6.3965e-005
6.35922e-005
6.32202e-005
6.28491e-005
6.24788e-005
6.21093e-005
6.17407e-005
6.13729e-005
6.10059e-005
6.06397e-005
6.02744e-005
5.99099e-005
5.95462e-005
5.91834e-005
5.88215e-005
5.84603e-005
5.81e-005
5.77406e-005
5.73819e-005
5.70242e-005
5.66672e-005
5.63111e-005
5.59559e-005
5.56015e-005
5.52479e-005
5.48952e-005
5.45434e-005
5.41924e-005
5.38422e-005
5.34929e-005
5.31445e-005
5.27969e-005
5.24501e-005
5.21043e-005
5.17592e-005
5.1415e-005
5.10717e-005
5.07292e-005
5.03876e-005
5.00469e-005
4.9707e-005
4.9368e-005
4.90298e-005
4.86925e-005
4.8356e-005
4.80204e-005
4.76857e-005
4.73519e-005
4.70189e-005
4.66867e-005
4.63555e-005
4.60251e-005
4.56955e-005
4.53668e-005
4.5039e-005
4.47121e-005
4.4386e-005
4.40608e-005
4.37365e-005
4.3413e-005
4.30904e-005
4.27687e-005
4.24478e-005
4.21278e-005
4.18087e-005
4.14905e-005
4.11731e-005
4.08566e-005
4.05409e-005
4.02262e-005
3.99123e-005
3.95993e-005
3.92871e-005
3.89758e-005
3.86654e-005
3.83559e-005
3.80472e-005
3.77395e-005
3.74326e-005
3.71265e-005
3.68214e-005
3.65171e-005
3.62136e-005
3.59111e-005
3.56094e-005
3.53086e-005
3.50087e-005
3.47097e-005
3.44115e-005
3.41142e-005
3.38178e-005
3.35222e-005
3.32276e-005
3.29338e-005
3.26408e-005
3.23488e-005
3.20576e-005
3.17673e-005
3.14779e-005
3.11893e-005
3.09016e-005
3.06148e-005
3.03289e-005
3.00438e-005
2.97596e-005
2.94763e-005
2.91938e-005
2.89123e-005
2.86316e-005
2.83517e-005
2.80728e-005
2.77947e-005
2.75175e-005
2.72411e-005
2.69657e-005
2.66911e-005
2.64173e-005
2.61445e-005
2.58725e-005
2.56014e-005
2.53311e-005
2.50617e-005
2.47932e-005
2.45256e-005
2.42588e-005
2.39929e-005
2.37278e-005
2.34636e-005
2.32003e-005
2.29379e-005
2.26763e-005
2.24156e-005
2.21557e-005
2.18968e-005
2.16386e-005
2.13814e-005
2.1125e-005
2.08694e-005
2.06148e-005
2.03609e-005
2.0108e-005
1.98559e-005
1.96047e-005
1.93543e-005
1.91048e-005
1.88561e-005
1.86083e-005
1.83614e-005
1.81153e-005
1.78701e-005
1.76257e-005
1.73822e-005
1.71395e-005
1.68977e-005
1.66567e-005
1.64166e-005
1.61774e-005
1.5939e-005
1.57014e-005
1.54647e-005
1.52288e-005
1.49938e-005
1.47597e-005
1.45263e-005
1.42939e-005
1.40623e-005
1.38315e-005
1.36015e-005
1.33724e-005
1.31442e-005
1.29168e-005
1.26902e-005
1.24645e-005
1.22396e-005
1.20155e-005
1.17923e-005
1.157e-005
1.13484e-005
1.11277e-005
1.09078e-005
1.06888e-005
1.04706e-005
1.02532e-005
1.00367e-005
9.82097e-006
9.60608e-006
9.39203e-006
9.1788e-006
8.9664e-006
8.75483e-006
8.54408e-006
8.33415e-006
8.12505e-006
7.91677e-006
7.70931e-006
7.50267e-006
7.29685e-006
7.09185e-006
6.88766e-006
6.6843e-006
6.48174e-006
6.28e-006
6.07908e-006
5.87897e-006
5.67967e-006
5.48118e-006
5.2835e-006
5.08662e-006
4.89056e-006
4.6953e-006
4.50085e-006
4.3072e-006
4.11435e-006
3.92231e-006
3.73107e-006
3.54063e-006
3.35098e-006
3.16214e-006
2.97409e-006
2.78684e-006
2.60038e-006
2.41472e-006
2.22985e-006
2.04577e-006
1.86248e-006
1.67998e-006
1.49827e-006
1.31735e-006
1.13721e-006
9.57858e-007
7.79288e-007
6.01501e-007
4.24495e-007
2.4827e-007
7.28229e-008
-1.01846e-007
-2.75738e-007
-4.48855e-007
-6.21197e-007
-7.92767e-007
-9.63564e-007
-1.13359e-006
-1.30285e-006
-1.47134e-006
-1.63906e-006
-1.80601e-006
-1.9722e-006
-2.13763e-006
-2.3023e-006
-2.4662e-006
-2.62935e-006
-2.79173e-006
-2.95336e-006
-3.11423e-006
-3.27435e-006
-3.43371e-006
-3.59233e-006
-3.75019e-006
-3.9073e-006
-4.06366e-006
-4.21928e-006
-4.37415e-006
-4.52827e-006
-4.68165e-006
-4.83429e-006
-4.98619e-006
-5.13735e-006
-5.28777e-006
-5.43746e-006
-5.58641e-006
-5.73462e-006
-5.88211e-006
-6.02886e-006
-6.17488e-006
-6.32017e-006
-6.46473e-006
-6.60857e-006
-6.75169e-006
-6.89408e-006
-7.03574e-006
-7.17669e-006
-7.31692e-006
-7.45643e-006
-7.59522e-006
-7.7333e-006
-7.87066e-006
-8.00731e-006
-8.14325e-006
-8.27848e-006
-8.41301e-006
-8.54682e-006
-8.67993e-006
-8.81233e-006
-8.94404e-006
-9.07504e-006
-9.20534e-006
-9.33494e-006
-9.46384e-006
-9.59205e-006
-9.71957e-006
-9.84639e-006
-9.97252e-006
-1.0098e-005
-1.02227e-005
-1.03468e-005
-1.04701e-005
-1.05928e-005
-1.07149e-005
-1.08362e-005
-1.09568e-005
-1.10768e-005
-1.11961e-005
-1.13147e-005
-1.14327e-005
-1.15499e-005
-1.16665e-005
-1.17824e-005
-1.18977e-005
-1.20123e-005
-1.21262e-005
-1.22395e-005
-1.23521e-005
-1.2464e-005
-1.25753e-005
-1.26859e-005
-1.27959e-005
-1.29052e-005
-1.30139e-005
-1.31219e-005
-1.32292e-005
-1.33359e-005
-1.3442e-005
-1.35474e-005
-1.36521e-005
-1.37563e-005
-1.38597e-005
-1.39626e-005
-1.40648e-005
-1.41663e-005
-1.42673e-005
-1.43676e-005
-1.44672e-005
-1.45662e-005
-1.46646e-005
-1.47624e-005
-1.48596e-005
-1.49561e-005
-1.5052e-005
-1.51472e-005
-1.52419e-005
-1.53359e-005
-1.54293e-005
-1.55221e-005
-1.56143e-005
-1.57059e-005
-1.57968e-005
-1.58872e-005
-1.59769e-005
-1.6066e-005
-1.61546e-005
-1.62425e-005
-1.63298e-005
-1.64165e-005
-1.65027e-005
-1.65882e-005
-1.66731e-005
-1.67574e-005
-1.68412e-005
-1.69243e-005
-1.70069e-005
-1.70888e-005
-1.71702e-005
-1.7251e-005
-1.73312e-005
-1.74108e-005
-1.74899e-005
-1.75684e-005
-1.76462e-005
-1.77236e-005
-1.78003e-005
-1.78765e-005
-1.79521e-005
-1.80271e-005
-1.81015e-005
-1.81754e-005
-1.82487e-005
-1.83215e-005
-1.83937e-005
-1.84653e-005
-1.85364e-005
-1.86069e-005
-1.86769e-005
-1.87463e-005
-1.88151e-005
-1.88835e-005
-1.89512e-005
-1.90184e-005
-1.90851e-005
-1.91512e-005
-1.92168e-005
-1.92818e-005
-1.93463e-005
-1.94102e-005
-1.94736e-005
-1.95365e-005
-1.95988e-005
-1.96606e-005
-1.97219e-005
-1.97827e-005
-1.98429e-005
-1.99026e-005
-1.99617e-005
-2.00204e-005
-2.00785e-005
-2.01361e-005
-2.01932e-005
-2.02498e-005
-2.03058e-005
-2.03613e-005
-2.04164e-005
-2.04709e-005
-2.05249e-005
-2.05784e-005
-2.06314e-005
-2.06838e-005
-2.07358e-005
-2.07873e-005
-2.08383e-005
-2.08888e-005
-2.09387e-005
-2.09882e-005
-2.10372e-005
-2.10857e-005
-2.11337e-005
-2.11813e-005
-2.12283e-005
-2.12748e-005
-2.13209e-005
-2.13665e-005
-2.14116e-005
-2.14562e-005
-2.15003e-005
-2.1544e-005
-2.15872e-005
-2.16299e-005
-2.16721e-005
-2.17139e-005
-2.17552e-005
-2.17961e-005
-2.18364e-005
-2.18763e-005
-2.19158e-005
-2.19547e-005
-2.19933e-005
-2.20313e-005
-2.20689e-005
-2.21061e-005
-2.21428e-005
-2.2179e-005
-2.22148e-005
-2.22502e-005
-2.22851e-005
-2.23195e-005
-2.23535e-005
-2.23871e-005
-2.24202e-005
-2.24529e-005
-2.24851e-005
-2.25169e-005
-2.25483e-005
-2.25792e-005
-2.26097e-005
-2.26398e-005
-2.26694e-005
-2.26987e-005
-2.27275e-005
-2.27558e-005
-2.27838e-005
-2.28113e-005
-2.28384e-005
-2.28651e-005
-2.28913e-005
-2.29172e-005
-2.29426e-005
-2.29676e-005
-2.29922e-005
-2.30164e-005
-2.30402e-005
-2.30636e-005
-2.30866e-005
-2.31092e-005
-2.31313e-005
-2.31531e-005
-2.31745e-005
-2.31955e-005
-2.32161e-005
-2.32362e-005
-2.3256e-005
-2.32754e-005
-2.32944e-005
-2.33131e-005
-2.33313e-005
-2.33492e-005
-2.33666e-005
-2.33837e-005
-2.34004e-005
-2.34167e-005
-2.34327e-005
-2.34482e-005
-2.34634e-005
-2.34782e-005
-2.34927e-005
-2.35068e-005
-2.35205e-005
-2.35338e-005
-2.35468e-005
-2.35594e-005
-2.35716e-005
-2.35835e-005
-2.3595e-005
-2.36061e-005
-2.36169e-005
-2.36274e-005
-2.36375e-005
-2.36472e-005
-2.36566e-005
-2.36656e-005
-2.36743e-005
-2.36826e-005
-2.36906e-005
-2.36983e-005
-2.37056e-005
-2.37125e-005
-2.37191e-005
-2.37254e-005
-2.37313e-005
-2.37369e-005
-2.37422e-005
-2.37471e-005
-2.37517e-005
-2.3756e-005
-2.37599e-005
-2.37636e-005
-2.37668e-005
-2.37698e-005
-2.37724e-005
-2.37748e-005
-2.37768e-005
-2.37784e-005
-2.37798e-005
-2.37808e-005
-2.37815e-005
-2.3782e-005
-2.37821e-005
-2.37818e-005
-2.37813e-005
-2.37805e-005
-2.37793e-005
-2.37779e-005
-2.37761e-005
-2.37741e-005
-2.37717e-005
-2.37691e-005
-2.37661e-005
-2.37629e-005
-2.37593e-005
-2.37555e-005
-2.37514e-005
-2.37469e-005
-2.37422e-005
-2.37372e-005
-2.37319e-005
-2.37263e-005
-2.37205e-005
-2.37143e-005
-2.37079e-005
-2.37012e-005
-2.36942e-005
-2.36869e-005
-2.36794e-005
-2.36715e-005
-2.36634e-005
-2.36551e-005
-2.36464e-005
-2.36375e-005
-2.36283e-005
-2.36189e-005
-2.36092e-005
-2.35992e-005
-2.35889e-005
-2.35784e-005
-2.35676e-005
-2.35566e-005
-2.35453e-005
-2.35338e-005
-2.3522e-005
-2.35099e-005
-2.34976e-005
-2.3485e-005
-2.34722e-005
-2.34591e-005
-2.34458e-005
-2.34322e-005
-2.34184e-005
-2.34044e-005
-2.33901e-005
-2.33755e-005
-2.33608e-005
-2.33457e-005
-2.33305e-005
-2.3315e-005
-2.32993e-005
-2.32833e-005
-2.32671e-005
-2.32507e-005
-2.3234e-005
-2.32171e-005
-2.32e-005
-2.31826e-005
-2.31651e-005
-2.31473e-005
-2.31292e-005
-2.3111e-005
-2.30925e-005
-2.30739e-005
-2.3055e-005
-2.30358e-005
-2.30165e-005
-2.29969e-005
-2.29772e-005
-2.29572e-005
-2.2937e-005
-2.29166e-005
-2.2896e-005
-2.28752e-005
-2.28542e-005
-2.28329e-005
-2.28115e-005
-2.27899e-005
-2.2768e-005
-2.2746e-005
-2.27238e-005
-2.27013e-005
-2.26787e-005
-2.26559e-005
-2.26328e-005
-2.26096e-005
-2.25862e-005
-2.25626e-005
-2.25388e-005
-2.25149e-005
-2.24907e-005
-2.24663e-005
-2.24418e-005
-2.24171e-005
-2.23922e-005
-2.23671e-005
-2.23418e-005
-2.23164e-005
-2.22907e-005
-2.22649e-005
-2.22389e-005
-2.22128e-005
-2.21865e-005
-2.216e-005
-2.21333e-005
-2.21064e-005
-2.20794e-005
-2.20522e-005
-2.20249e-005
-2.19974e-005
-2.19697e-005
-2.19418e-005
-2.19138e-005
-2.18856e-005
-2.18573e-005
-2.18288e-005
-2.18002e-005
-2.17714e-005
-2.17424e-005
-2.17133e-005
-2.1684e-005
-2.16546e-005
-2.1625e-005
-2.15952e-005
-2.15654e-005
-2.15353e-005
-2.15051e-005
-2.14748e-005
-2.14443e-005
-2.14137e-005
-2.1383e-005
-2.13521e-005
-2.1321e-005
-2.12898e-005
-2.12585e-005
-2.1227e-005
-2.11954e-005
-2.11637e-005
-2.11318e-005
-2.10998e-005
-2.10676e-005
-2.10354e-005
-2.1003e-005
-2.09704e-005
-2.09377e-005
-2.09049e-005
-2.0872e-005
-2.0839e-005
-2.08058e-005
-2.07725e-005
-2.07391e-005
-2.07055e-005
-2.06718e-005
-2.0638e-005
-2.06041e-005
-2.05701e-005
-2.0536e-005
-2.05017e-005
-2.04673e-005
-2.04328e-005
-2.03982e-005
-2.03635e-005
-2.03287e-005
-2.02937e-005
-2.02587e-005
-2.02235e-005
-2.01882e-005
-2.01528e-005
-2.01174e-005
-2.00818e-005
-2.00461e-005
-2.00103e-005
-1.99744e-005
-1.99384e-005
-1.99023e-005
-1.98661e-005
-1.98298e-005
-1.97934e-005
-1.97569e-005
-1.97203e-005
-1.96836e-005
-1.96468e-005
-1.96099e-005
-1.95729e-005
-1.95359e-005
-1.94987e-005
-1.94615e-005
-1.94242e-005
-1.93867e-005
-1.93492e-005
-1.93116e-005
-1.9274e-005
-1.92362e-005
-1.91984e-005
-1.91604e-005
-1.91224e-005
-1.90843e-005
-1.90461e-005
-1.90079e-005
-1.89696e-005
-1.89312e-005
-1.88927e-005
-1.88541e-005
-1.88155e-005
-1.87768e-005
-1.8738e-005
-1.86991e-005
-1.86602e-005
-1.86212e-005
-1.85821e-005
-1.8543e-005
-1.85038e-005
-1.84645e-005
-1.84252e-005
-1.83857e-005
-1.83463e-005
-1.83067e-005
-1.82671e-005
-1.82275e-005
-1.81877e-005
-1.81479e-005
-1.81081e-005
-1.80682e-005
-1.80282e-005
-1.79882e-005
-1.79481e-005
-1.7908e-005
-1.78678e-005
-1.78275e-005
-1.77872e-005
-1.77468e-005
-1.77064e-005
-1.7666e-005
-1.76255e-005
-1.75849e-005
-1.75443e-005
-1.75036e-005
-1.74629e-005
-1.74221e-005
-1.73813e-005
-1.73405e-005
-1.72996e-005
-1.72586e-005
-1.72176e-005
-1.71766e-005
-1.71355e-005
-1.70944e-005
-1.70533e-005
-1.70121e-005
-1.69708e-005
-1.69296e-005
-1.68883e-005
-1.68469e-005
-1.68055e-005
-1.67641e-005
-1.67227e-005
-1.66812e-005
-1.66396e-005
-1.65981e-005
-1.65565e-005
-1.65149e-005
-1.64732e-005
-1.64315e-005
-1.63898e-005
-1.63481e-005
-1.63063e-005
-1.62645e-005
-1.62227e-005
-1.61808e-005
-1.6139e-005
-1.60971e-005
-1.60551e-005
-1.60132e-005
-1.59712e-005
-1.59292e-005
-1.58872e-005
-1.58451e-005
-1.58031e-005
-1.5761e-005
-1.57189e-005
-1.56768e-005
-1.56347e-005
-1.55925e-005
-1.55503e-005
-1.55082e-005
-1.5466e-005
-1.54237e-005
-1.53815e-005
-1.53393e-005
-1.5297e-005
-1.52547e-005
-1.52125e-005
-1.51702e-005
-1.51279e-005
-1.50856e-005
-1.50432e-005
-1.50009e-005
-1.49586e-005
-1.49162e-005
-1.48739e-005
-1.48315e-005
-1.47892e-005
-1.47468e-005
-1.47044e-005
-1.4662e-005
-1.46197e-005
-1.45773e-005
-1.45349e-005
-1.44925e-005
-1.44501e-005
-1.44077e-005
-1.43653e-005
-1.43229e-005
-1.42805e-005
-1.42382e-005
-1.41958e-005
-1.41534e-005
-1.4111e-005
-1.40686e-005
-1.40263e-005
-1.39839e-005
-1.39415e-005
-1.38992e-005
-1.38568e-005
-1.38145e-005
-1.37721e-005
-1.37298e-005
-1.36875e-005
-1.36452e-005
-1.36029e-005
-1.35606e-005
-1.35183e-005
-1.3476e-005
-1.34338e-005
-1.33915e-005
-1.33493e-005
-1.33071e-005
-1.32649e-005
-1.32227e-005
-1.31805e-005
-1.31384e-005
-1.30962e-005
-1.30541e-005
-1.3012e-005
-1.29699e-005
-1.29278e-005
-1.28857e-005
-1.28437e-005
-1.28016e-005
-1.27596e-005
-1.27177e-005
-1.26757e-005
-1.26337e-005
-1.25918e-005
-1.25499e-005
-1.2508e-005
-1.24662e-005
-1.24243e-005
-1.23825e-005
-1.23407e-005
-1.2299e-005
-1.22572e-005
-1.22155e-005
-1.21738e-005
-1.21322e-005
-1.20905e-005
-1.20489e-005
-1.20073e-005
-1.19658e-005
-1.19242e-005
-1.18827e-005
-1.18413e-005
-1.17998e-005
-1.17584e-005
-1.1717e-005
-1.16757e-005
-1.16344e-005
-1.15931e-005
-1.15518e-005
-1.15106e-005
-1.14694e-005
-1.14282e-005
-1.13871e-005
-1.1346e-005
-1.1305e-005
-1.12639e-005
-1.1223e-005
-1.1182e-005
-1.11411e-005
-1.11002e-005
-1.10594e-005
-1.10186e-005
-1.09778e-005
-1.09371e-005
-1.08964e-005
-1.08557e-005
-1.08151e-005
-1.07745e-005
-1.0734e-005
-1.06935e-005
-1.0653e-005
-1.06126e-005
-1.05722e-005
-1.05319e-005
-1.04916e-005
-1.04513e-005
-1.04111e-005
-1.03709e-005
-1.03308e-005
-1.02907e-005
-1.02507e-005
-1.02107e-005
-1.01707e-005
-1.01308e-005
-1.00909e-005
-1.00511e-005
-1.00113e-005
-9.97162e-006
-9.93194e-006
-9.8923e-006
-9.85271e-006
-9.81317e-006
-9.77367e-006
-9.73423e-006
-9.69483e-006
-9.65548e-006
-9.61617e-006
-9.57692e-006
-9.53771e-006
-9.49856e-006
-9.45945e-006
-9.42039e-006
-9.38139e-006
-9.34243e-006
-9.30353e-006
-9.26467e-006
-9.22587e-006
-9.18712e-006
-9.14842e-006
-9.10978e-006
-9.07118e-006
-9.03264e-006
-8.99415e-006
-8.95572e-006
-8.91734e-006
-8.87901e-006
-8.84074e-006
-8.80252e-006
-8.76435e-006
-8.72624e-006
-8.68819e-006
-8.65019e-006
-8.61225e-006
-8.57436e-006
-8.53653e-006
-8.49875e-006
-8.46104e-006
-8.42337e-006
-8.38577e-006
-8.34822e-006
-8.31073e-006
-8.2733e-006
-8.23593e-006
-8.19861e-006
-8.16135e-006
-8.12416e-006
-8.08702e-006
-8.04994e-006
-8.01291e-006
-7.97595e-006
-7.93905e-006
-7.90221e-006
-7.86543e-006
-7.82871e-006
-7.79205e-006
-7.75545e-006
-7.71891e-006
-7.68243e-006
-7.64602e-006
-7.60966e-006
-7.57337e-006
-7.53714e-006
-7.50098e-006
-7.46487e-006
-7.42883e-006
-7.39285e-006
-7.35693e-006
-7.32108e-006
-7.28529e-006
-7.24957e-006
-7.2139e-006
-7.17831e-006
-7.14277e-006
-7.1073e-006
-7.0719e-006
-7.03656e-006
-7.00128e-006
-6.96607e-006
-6.93093e-006
-6.89585e-006
-6.86083e-006
-6.82589e-006
-6.791e-006
-6.75619e-006
-6.72144e-006
-6.68675e-006
-6.65214e-006
-6.61759e-006
-6.5831e-006
-6.54869e-006
-6.51434e-006
-6.48006e-006
-6.44584e-006
-6.4117e-006
-6.37762e-006
-6.34361e-006
-6.30966e-006
-6.27579e-006
-6.24198e-006
-6.20824e-006
-6.17457e-006
-6.14097e-006
-6.10744e-006
-6.07398e-006
-6.04059e-006
-6.00726e-006
-5.97401e-006
-5.94082e-006
-5.9077e-006
-5.87466e-006
-5.84168e-006
-5.80878e-006
-5.77594e-006
-5.74318e-006
-5.71048e-006
-5.67786e-006
-5.6453e-006
-5.61282e-006
-5.5804e-006
-5.54806e-006
-5.51579e-006
-5.48359e-006
-5.45146e-006
-5.41941e-006
-5.38742e-006
-5.35551e-006
-5.32367e-006
-5.2919e-006
-5.2602e-006
-5.22857e-006
-5.19702e-006
-5.16553e-006
-5.13412e-006
-5.10278e-006
-5.07152e-006
-5.04033e-006
-5.00921e-006
-4.97816e-006
-4.94718e-006
-4.91628e-006
-4.88545e-006
-4.85469e-006
-4.82401e-006
-4.7934e-006
-4.76286e-006
-4.7324e-006
-4.70201e-006
-4.67169e-006
-4.64145e-006
-4.61128e-006
-4.58118e-006
-4.55116e-006
-4.52121e-006
-4.49134e-006
-4.46154e-006
-4.43181e-006
-4.40216e-006
-4.37258e-006
-4.34307e-006
-4.31364e-006
-4.28429e-006
-4.25501e-006
-4.2258e-006
-4.19666e-006
-4.16761e-006
-4.13862e-006
-4.10971e-006
-4.08088e-006
-4.05212e-006
-4.02343e-006
-3.99482e-006
-3.96628e-006
-3.93782e-006
-3.90944e-006
-3.88112e-006
-3.85289e-006
-3.82473e-006
-3.79664e-006
-3.76863e-006
-3.74069e-006
-3.71283e-006
-3.68504e-006
-3.65733e-006
-3.6297e-006
-3.60214e-006
-3.57465e-006
-3.54724e-006
-3.5199e-006
-3.49264e-006
-3.46546e-006
-3.43835e-006
-3.41132e-006
-3.38436e-006
-3.35748e-006
-3.33067e-006
-3.30394e-006
-3.27728e-006
-3.2507e-006
-3.2242e-006
-3.19777e-006
-3.17141e-006
-3.14513e-006
-3.11893e-006
-3.0928e-006
-3.06675e-006
-3.04077e-006
-3.01487e-006
-2.98905e-006
-2.9633e-006
-2.93762e-006
-2.91202e-006
-2.8865e-006
-2.86105e-006
-2.83568e-006
-2.81038e-006
-2.78516e-006
-2.76002e-006
-2.73495e-006
-2.70995e-006
-2.68503e-006
-2.66019e-006
-2.63542e-006
-2.61073e-006
-2.58611e-006
-2.56157e-006
-2.5371e-006
-2.51271e-006
-2.4884e-006
-2.46416e-006
-2.43999e-006
-2.4159e-006
-2.39189e-006
-2.36795e-006
-2.34409e-006
-2.3203e-006
-2.29659e-006
-2.27295e-006
-2.24939e-006
-2.2259e-006
-2.20249e-006
-2.17915e-006
-2.15589e-006
-2.1327e-006
-2.10959e-006
-2.08656e-006
-2.06359e-006
-2.04071e-006
-2.0179e-006
-1.99516e-006
-1.9725e-006
-1.94991e-006
-1.9274e-006
-1.90496e-006
-1.8826e-006
-1.86031e-006
-1.83809e-006
-1.81595e-006
-1.79389e-006
-1.7719e-006
-1.74998e-006
-1.72814e-006
-1.70638e-006
-1.68468e-006
-1.66306e-006
-1.64152e-006
-1.62005e-006
-1.59865e-006
-1.57733e-006
-1.55608e-006
-1.53491e-006
-1.51381e-006
-1.49278e-006
-1.47183e-006
-1.45095e-006
-1.43015e-006
-1.40942e-006
-1.38876e-006
-1.36817e-006
-1.34766e-006
-1.32723e-006
-1.30686e-006
-1.28657e-006
-1.26636e-006
-1.24621e-006
-1.22614e-006
-1.20614e-006
-1.18622e-006
-1.16637e-006
-1.14659e-006
-1.12688e-006
-1.10725e-006
-1.08768e-006
-1.0682e-006
-1.04878e-006
-1.02944e-006
-1.01017e-006
-9.90967e-007
-9.71841e-007
-9.52787e-007
-9.33805e-007
-9.14895e-007
-8.96056e-007
-8.7729e-007
-8.58596e-007
-8.39973e-007
-8.21422e-007
-8.02943e-007
-7.84535e-007
-7.66198e-007
-7.47933e-007
-7.2974e-007
-7.11617e-007
-6.93566e-007
-6.75585e-007
-6.57676e-007
-6.39837e-007
-6.2207e-007
-6.04373e-007
-5.86746e-007
-5.6919e-007
-5.51705e-007
-5.3429e-007
-5.16946e-007
-4.99671e-007
-4.82467e-007
-4.65333e-007
-4.48268e-007
-4.31274e-007
-4.1435e-007
-3.97495e-007
-3.80709e-007
-3.63994e-007
-3.47347e-007
-3.3077e-007
-3.14262e-007
-2.97824e-007
-2.81454e-007
-2.65154e-007
-2.48922e-007
-2.32759e-007
-2.16665e-007
-2.00639e-007
-1.84682e-007
-1.68794e-007
-1.52973e-007
-1.37221e-007
-1.21537e-007
-1.05921e-007
-9.03727e-008
-7.48923e-008
-5.94797e-008
-4.41348e-008
-2.88573e-008
-1.36473e-008
1.4954e-009
1.65709e-008
3.15792e-008
4.65206e-008
6.1395e-008
7.62026e-008
9.09435e-008
1.05618e-007
1.20226e-007
1.34767e-007
1.49242e-007
1.63651e-007
1.77994e-007
1.92271e-007
2.06481e-007
2.20627e-007
2.34706e-007
2.4872e-007
2.62669e-007
2.76552e-007
2.9037e-007
3.04123e-007
3.17811e-007
3.31434e-007
3.44992e-007
3.58485e-007
3.71914e-007
3.85279e-007
3.98579e-007
4.11814e-007
4.24986e-007
4.38094e-007
4.51138e-007
4.64118e-007
4.77034e-007
4.89887e-007
5.02676e-007
5.15403e-007
5.28065e-007
5.40665e-007
5.53202e-007
5.65676e-007
5.78087e-007
5.90436e-007
6.02722e-007
6.14945e-007
6.27106e-007
6.39206e-007
6.51243e-007
6.63218e-007
6.75131e-007
6.86983e-007
6.98773e-007
7.10502e-007
7.22169e-007
7.33775e-007
7.4532e-007
7.56804e-007
7.68227e-007
7.7959e-007
7.90891e-007
8.02133e-007
8.13314e-007
8.24434e-007
8.35495e-007
8.46496e-007
8.57436e-007
8.68317e-007
8.79139e-007
8.899e-007
9.00603e-007
9.11246e-007
9.2183e-007
9.32355e-007
9.42821e-007
9.53228e-007
9.63577e-007
9.73867e-007
9.84099e-007
9.94272e-007
1.00439e-006
1.01445e-006
1.02444e-006
1.03439e-006
1.04427e-006
1.0541e-006
1.06387e-006
1.07358e-006
1.08323e-006
1.09283e-006
1.10237e-006
1.11186e-006
1.12128e-006
1.13065e-006
1.13997e-006
1.14923e-006
1.15843e-006
1.16758e-006
1.17667e-006
1.1857e-006
1.19468e-006
1.2036e-006
1.21247e-006
1.22129e-006
1.23004e-006
1.23875e-006
1.2474e-006
1.25599e-006
1.26453e-006
1.27301e-006
1.28144e-006
1.28982e-006
1.29814e-006
1.30641e-006
1.31463e-006
1.32279e-006
1.33089e-006
1.33895e-006
1.34695e-006
1.3549e-006
