0.15377
0.157525
0.161266
0.164991
0.168702
0.172394
0.176067
0.179719
0.183351
0.186962
0.19055
0.194117
0.19766
0.201183
0.204687
0.208171
0.211635
0.215077
0.218497
0.221894
0.225266
0.228613
0.231933
0.235226
0.238489
0.241722
0.244923
0.24809
0.251223
0.254328
0.257424
0.26051
0.263586
0.266651
0.269706
0.27275
0.275783
0.278805
0.281815
0.284815
0.287802
0.290778
0.293742
0.296694
0.299634
0.302562
0.305477
0.308379
0.311268
0.314144
0.317007
0.319856
0.322692
0.325514
0.328322
0.331115
0.333895
0.336659
0.339409
0.342144
0.344864
0.347569
0.350258
0.352931
0.355588
0.358229
0.360854
0.363462
0.366053
0.368628
0.371185
0.373724
0.376246
0.378751
0.381237
0.383704
0.386153
0.388584
0.390995
0.393387
0.395759
0.398112
0.400445
0.402757
0.405049
0.40732
0.40957
0.41181
0.414044
0.416273
0.418497
0.420715
0.422928
0.425136
0.427338
0.429535
0.431727
0.433913
0.436093
0.438268
0.440438
0.442602
0.44476
0.446912
0.449059
0.451201
0.453336
0.455466
0.45759
0.459708
0.461821
0.463927
0.466028
0.468123
0.470212
0.472294
0.474371
0.476442
0.478507
0.480566
0.482618
0.484665
0.486705
0.488739
0.490767
0.492789
0.494804
0.496814
0.498817
0.500813
0.502795
0.504752
0.506683
0.508589
0.510471
0.512328
0.514162
0.515972
0.517758
0.519522
0.521263
0.522981
0.524677
0.526352
0.528005
0.529636
0.531247
0.532836
0.534405
0.535954
0.537482
0.538991
0.540479
0.541949
0.543399
0.54483
0.546242
0.547636
0.549011
0.550368
0.551706
0.553027
0.55433
0.555616
0.556884
0.558135
0.559369
0.560586
0.561786
0.562969
0.564136
0.565287
0.566422
0.567541
0.568643
0.569731
0.570802
0.571858
0.572899
0.573924
0.574935
0.57593
0.576911
0.577877
0.578829
0.579765
0.580688
0.581596
0.582491
0.583371
0.584237
0.58509
0.585929
0.586754
0.587566
0.588364
0.589149
0.589921
0.59068
0.591426
0.592159
0.592879
0.593586
0.594281
0.594963
0.595633
0.59629
0.596936
0.597569
0.598189
0.598798
0.599395
0.59998
0.600554
0.601115
0.601665
0.602204
0.602731
0.603246
0.603751
0.604244
0.604726
0.605197
0.605657
0.606106
0.606544
0.606971
0.607388
0.607786
0.608162
0.608517
0.608852
0.609166
0.609461
0.609736
0.609993
0.610231
0.610451
0.610658
0.610852
0.611034
0.611203
0.61136
0.611505
0.611637
0.611756
0.611864
0.61196
0.612043
0.612115
0.612168
0.612203
0.61222
0.61222
0.612201
0.612164
0.612109
0.612035
0.611944
0.611835
0.611708
0.611562
0.611398
0.611217
0.611017
0.610799
0.610564
0.61031
0.610038
0.609748
0.60944
0.609114
0.60877
0.608408
0.608028
0.60763
0.607214
0.60678
0.606328
0.605858
0.60537
0.604864
0.604341
0.603799
0.60324
0.602662
0.602067
0.601454
0.600824
0.600175
0.599509
0.598824
0.598123
0.597404
0.59667
0.595919
0.595152
0.594369
0.593569
0.592753
0.59192
0.59107
0.590202
0.589317
0.588413
0.587492
0.586552
0.585593
0.584614
0.583617
0.5826
0.581575
0.580543
0.579504
0.578457
0.577402
0.57634
0.57527
0.574193
0.573109
0.572017
0.570917
0.56981
0.568696
0.567574
0.566445
0.565308
0.564164
0.563013
0.561854
0.560689
0.559515
0.558335
0.557147
0.555952
0.55475
0.55354
0.552324
0.5511
0.549869
0.54863
0.547385
0.546132
0.544873
0.543606
0.542332
0.541051
0.539764
0.538469
0.537167
0.535858
0.534542
0.533219
0.531889
0.530552
0.529209
0.527858
0.526501
0.525136
0.523765
0.522387
0.521002
0.519611
0.518213
0.516808
0.515396
0.513977
0.512552
0.51112
0.509682
0.508236
0.506785
0.505326
0.503861
0.50239
0.500912
0.499427
0.497936
0.496438
0.494934
0.493424
0.491907
0.490384
0.488854
0.487318
0.485775
0.484227
0.482672
0.48111
0.479543
0.477969
0.476389
0.474802
0.47321
0.471611
0.470006
0.468396
0.466779
0.465155
0.463526
0.461891
0.46025
0.458603
0.45695
0.455291
0.453626
0.451955
0.450278
0.448595
0.446907
0.445212
0.443512
0.441806
0.440095
0.438377
0.436654
0.434925
0.433191
0.431451
0.429705
0.427954
0.426197
0.424434
0.422666
0.420893
0.419114
0.41733
0.41554
0.413745
0.411944
0.410138
0.408327
0.40651
0.404688
0.402861
0.401028
0.399191
0.397348
0.3955
0.393647
0.391788
0.389925
0.388056
0.386183
0.384304
0.382421
0.380532
0.378639
0.37674
0.374837
0.372929
0.371016
0.369098
0.367175
0.365247
0.363315
0.361378
0.359437
0.35749
0.355539
0.353584
0.351623
0.349658
0.347689
0.345715
0.343737
0.341754
0.339767
0.337775
0.335779
0.333778
0.331773
0.329764
0.327751
0.325733
0.323711
0.321685
0.319654
0.31762
0.315581
0.313538
0.311492
0.309441
0.307386
0.305327
0.303264
0.301197
0.299126
0.297051
0.294973
0.29289
0.290804
0.288714
0.286621
0.284523
0.282422
0.280317
0.278208
0.276096
0.273981
0.271861
0.269738
0.267612
0.265482
0.263349
0.261212
0.259072
0.256929
0.254782
0.252632
0.250478
0.248321
0.246179
0.244056
0.241952
0.239866
0.237797
0.235745
0.233709
0.23169
0.229686
0.227697
0.225723
0.223763
0.221817
0.219884
0.217966
0.216061
0.21417
0.212293
0.21043
0.20858
0.206743
0.204918
0.203107
0.201308
0.199521
0.197747
0.195984
0.194234
0.192495
0.190767
0.189051
0.187346
0.185652
0.183969
0.182297
0.180635
0.178984
0.177343
0.175713
0.174092
0.172481
0.170881
0.169289
0.167708
0.166136
0.164573
0.16302
0.161476
0.159941
0.158414
0.156897
0.155388
0.153888
0.152397
0.150914
0.149439
0.147973
0.146515
0.145065
0.143623
0.142189
0.140763
0.139344
0.137933
0.136528
0.135127
0.13373
0.132338
0.13095
0.129566
0.128187
0.126812
0.125437
0.124061
0.122683
0.121305
0.119925
0.118544
0.117162
0.115779
0.114395
0.11301
0.111624
0.110238
0.108851
0.107463
0.106075
0.104686
0.103297
0.101908
0.100518
0.0991284
0.0977386
0.0963488
0.094959
0.0935694
0.0921799
0.0907908
0.0894019
0.0880135
0.0866256
0.0852383
0.0838516
0.0824657
0.0810806
0.0796963
0.078313
0.0769308
0.0755497
0.0741697
0.0727911
0.0714138
0.0700379
0.0686636
0.0672909
0.0659198
0.0645505
0.0631831
0.0618176
0.0604542
0.0590928
0.0577336
0.0563767
0.0550222
0.0536701
0.0523206
0.0509737
0.0496295
0.0482881
0.0469496
0.045614
0.0442816
0.0429523
0.0416263
0.0403036
0.0389844
0.0376687
0.0363566
0.0350483
0.0337438
0.0324432
0.0311466
0.0298541
0.0285658
0.0272819
0.0260023
0.0247273
0.0234605
0.0222051
0.0209612
0.019729
0.0185087
0.0173004
0.0161045
0.014921
0.0137502
0.0125923
0.0114473
0.0103156
0.00919727
0.00809249
0.00700145
0.00592432
0.00486127
0.00381245
0.00277804
0.00175818
0.000753016
-0.000237297
-0.00121356
-0.00217885
-0.00313349
-0.00407774
-0.00501188
-0.00593616
-0.00685082
-0.0077561
-0.0086522
-0.00953934
-0.0104177
-0.0112875
-0.0121489
-0.0130021
-0.0138473
-0.0146846
-0.0155141
-0.016336
-0.0171504
-0.0179576
-0.0187575
-0.0195504
-0.0203363
-0.0211154
-0.0218878
-0.0226535
-0.0234128
-0.0241656
-0.024912
-0.0256523
-0.0263864
-0.0271143
-0.0278362
-0.0285521
-0.0292619
-0.0299659
-0.0306639
-0.031356
-0.0320423
-0.0327229
-0.0333976
-0.0340667
-0.03473
-0.0353877
-0.0360398
-0.0366863
-0.0373272
-0.0379626
-0.0385925
-0.039217
-0.039836
-0.0404496
-0.0410577
-0.0416606
-0.0422581
-0.0428503
-0.0434372
-0.0440189
-0.0445953
-0.0451665
-0.0457325
-0.0462934
-0.0468491
-0.0473997
-0.0479451
-0.0484856
-0.0490209
-0.0495512
-0.0500765
-0.0505968
-0.0511121
-0.0516224
-0.0521278
-0.0526283
-0.0531238
-0.0536145
-0.0541003
-0.0545812
-0.0550573
-0.0555285
-0.055995
-0.0564566
-0.0569135
-0.0573655
-0.0578129
-0.0582555
-0.0586933
-0.0591265
-0.059555
-0.0599787
-0.0603978
-0.0608123
-0.0612221
-0.0616273
-0.0620278
-0.0624238
-0.0628151
-0.0632019
-0.0635841
-0.0639617
-0.0643348
-0.0647033
-0.0650674
-0.0654269
-0.0657819
-0.0661324
-0.0664784
-0.06682
-0.0671571
-0.0674897
-0.067818
-0.0681417
-0.0684611
-0.068776
-0.0690866
-0.0693927
-0.0696945
-0.0699919
-0.070285
-0.0705737
-0.070858
-0.071138
-0.0714137
-0.0716851
-0.0719521
-0.0722149
-0.0724734
-0.0727275
-0.0729775
-0.0732231
-0.0734645
-0.0737017
-0.0739346
-0.0741633
-0.0743878
-0.074608
-0.0748241
-0.0750359
-0.0752436
-0.0754471
-0.0756464
-0.0758416
-0.0760326
-0.0762194
-0.0764022
-0.0765807
-0.0767552
-0.0769256
-0.0770938
-0.0772608
-0.0774266
-0.0775912
-0.0777545
-0.0779167
-0.0780776
-0.0782374
-0.078396
-0.0785533
-0.0787095
-0.0788645
-0.0790183
-0.079171
-0.0793225
-0.0794729
-0.079622
-0.0797701
-0.079917
-0.0800627
-0.0802073
-0.0803508
-0.0804931
-0.0806343
-0.0807744
-0.0809134
-0.0810513
-0.081188
-0.0813237
-0.0814582
-0.0815917
-0.081724
-0.0818553
-0.0819855
-0.0821146
-0.0822426
-0.0823695
-0.0824954
-0.0826202
-0.0827439
-0.0828666
-0.0829882
-0.0831088
-0.0832283
-0.0833468
-0.0834642
-0.0835806
-0.083696
-0.0838103
-0.0839236
-0.0840359
-0.0841471
-0.0842573
-0.0843665
-0.0844747
-0.0845819
-0.0846881
-0.0847933
-0.0848974
-0.0850006
-0.0851028
-0.085204
-0.0853042
-0.0854034
-0.0855016
-0.0855988
-0.0856951
-0.0857904
-0.0858847
-0.0859781
-0.0860705
-0.0861619
-0.0862524
-0.0863419
-0.0864304
-0.086518
-0.0866046
-0.0866903
-0.0867751
-0.0868589
-0.0869418
-0.0870237
-0.0871047
-0.0871848
-0.0872639
-0.0873421
-0.0874194
-0.0874958
-0.0875712
-0.0876458
-0.0877194
-0.0877921
-0.0878639
-0.0879348
-0.0880048
-0.0880739
-0.088142
-0.0882093
-0.0882757
-0.0883412
-0.0884058
-0.0884695
-0.0885324
-0.0885943
-0.0886554
-0.0887156
-0.0887749
-0.0888333
-0.0888909
-0.0889476
-0.0890034
-0.0890583
-0.0891124
-0.0891656
-0.089218
-0.0892695
-0.0893202
-0.08937
-0.0894189
-0.089467
-0.0895143
-0.0895607
-0.0896063
-0.089651
-0.0896949
-0.0897379
-0.0897801
-0.0898215
-0.0898621
-0.0899018
-0.0899407
-0.0899788
-0.090016
-0.0900524
-0.090088
-0.0901228
-0.0901568
-0.09019
-0.0902223
-0.0902538
-0.0902846
-0.0903145
-0.0903436
-0.0903719
-0.0903995
-0.0904262
-0.0904521
-0.0904773
-0.0905016
-0.0905251
-0.0905479
-0.0905699
-0.0905911
-0.0906115
-0.0906311
-0.0906499
-0.090668
-0.0906853
-0.0907018
-0.0907176
-0.0907321
-0.0907454
-0.0907575
-0.0907683
-0.0907778
-0.0907861
-0.0907932
-0.090799
-0.0908037
-0.0908071
-0.0908093
-0.0908103
-0.0908101
-0.0908087
-0.0908061
-0.0908024
-0.0907975
-0.0907915
-0.0907843
-0.0907759
-0.0907665
-0.0907558
-0.0907441
-0.0907312
-0.0907173
-0.0907022
-0.090686
-0.0906688
-0.0906504
-0.090631
-0.0906105
-0.0905889
-0.0905663
-0.0905426
-0.0905178
-0.0904921
-0.0904653
-0.0904374
-0.0904086
-0.0903787
-0.0903478
-0.0903159
-0.0902831
-0.0902492
-0.0902143
-0.0901785
-0.0901417
-0.0901039
-0.0900651
-0.0900254
-0.0899848
-0.0899432
-0.0899007
-0.0898572
-0.0898129
-0.0897676
-0.0897213
-0.0896742
-0.0896262
-0.0895773
-0.0895275
-0.0894768
-0.0894252
-0.0893727
-0.0893194
-0.0892652
-0.0892102
-0.0891543
-0.0890976
-0.08904
-0.0889816
-0.0889224
-0.0888623
-0.0888014
-0.0887397
-0.0886772
-0.0886139
-0.0885498
-0.0884849
-0.0884193
-0.0883528
-0.0882856
-0.0882176
-0.0881488
-0.0880793
-0.088009
-0.087938
-0.0878662
-0.0877937
-0.0877204
-0.0876464
-0.0875717
-0.0874963
-0.0874201
-0.0873433
-0.0872657
-0.0871875
-0.0871085
-0.0870289
-0.0869486
-0.0868676
-0.0867859
-0.0867035
-0.0866205
-0.0865368
-0.0864525
-0.0863675
-0.0862819
-0.0861956
-0.0861087
-0.0860212
-0.085933
-0.0858442
-0.0857548
-0.0856647
-0.0855741
-0.0854828
-0.085391
-0.0852985
-0.0852055
-0.0851119
-0.0850177
-0.0849229
-0.0848275
-0.0847316
-0.0846351
-0.084538
-0.0844404
-0.0843422
-0.0842435
-0.0841442
-0.0840444
-0.0839441
-0.0838432
-0.0837418
-0.0836398
-0.0835374
-0.0834344
-0.083331
-0.083227
-0.0831225
-0.0830175
-0.082912
-0.082806
-0.0826996
-0.0825926
-0.0824852
-0.0823773
-0.0822689
-0.0821601
-0.0820507
-0.081941
-0.0818308
-0.0817201
-0.0816089
-0.0814974
-0.0813853
-0.0812729
-0.08116
-0.0810467
-0.0809329
-0.0808188
-0.0807042
-0.0805892
-0.0804738
-0.0803579
-0.0802417
-0.0801251
-0.080008
-0.0798906
-0.0797728
-0.0796546
-0.079536
-0.079417
-0.0792977
-0.079178
-0.0790579
-0.0789374
-0.0788166
-0.0786954
-0.0785739
-0.078452
-0.0783297
-0.0782071
-0.0780842
-0.0779609
-0.0778373
-0.0777134
-0.0775891
-0.0774645
-0.0773395
-0.0772143
-0.0770887
-0.0769628
-0.0768366
-0.0767101
-0.0765833
-0.0764562
-0.0763288
-0.0762011
-0.0760731
-0.0759448
-0.0758162
-0.0756873
-0.0755582
-0.0754288
-0.0752991
-0.0751691
-0.0750389
-0.0749083
-0.0747776
-0.0746465
-0.0745152
-0.0743837
-0.0742519
-0.0741198
-0.0739875
-0.073855
-0.0737222
-0.0735892
-0.0734559
-0.0733224
-0.0731887
-0.0730548
-0.0729206
-0.0727862
-0.0726516
-0.0725168
-0.0723817
-0.0722465
-0.072111
-0.0719753
-0.0718394
-0.0717034
-0.0715671
-0.0714306
-0.071294
-0.0711571
-0.0710201
-0.0708828
-0.0707454
-0.0706078
-0.0704701
-0.0703321
-0.070194
-0.0700557
-0.0699172
-0.0697786
-0.0696398
-0.0695009
-0.0693617
-0.0692225
-0.0690831
-0.0689435
-0.0688038
-0.0686639
-0.0685239
-0.0683837
-0.0682434
-0.068103
-0.0679624
-0.0678217
-0.0676809
-0.0675399
-0.0673988
-0.0672576
-0.0671163
-0.0669748
-0.0668332
-0.0666915
-0.0665497
-0.0664078
-0.0662658
-0.0661236
-0.0659814
-0.065839
-0.0656966
-0.065554
-0.0654114
-0.0652687
-0.0651258
-0.0649829
-0.0648399
-0.0646968
-0.0645536
-0.0644104
-0.064267
-0.0641236
-0.0639801
-0.0638365
-0.0636929
-0.0635492
-0.0634054
-0.0632616
-0.0631176
-0.0629737
-0.0628296
-0.0626855
-0.0625414
-0.0623971
-0.0622529
-0.0621086
-0.0619642
-0.0618198
-0.0616753
-0.0615308
-0.0613863
-0.0612417
-0.061097
-0.0609524
-0.0608077
-0.0606629
-0.0605182
-0.0603734
-0.0602285
-0.0600837
-0.0599388
-0.0597939
-0.059649
-0.059504
-0.059359
-0.0592141
-0.0590691
-0.0589241
-0.058779
-0.058634
-0.058489
-0.0583439
-0.0581989
-0.0580538
-0.0579088
-0.0577637
-0.0576186
-0.0574736
-0.0573285
-0.0571835
-0.0570385
-0.0568934
-0.0567484
-0.0566034
-0.0564584
-0.0563134
-0.0561685
-0.0560235
-0.0558786
-0.0557337
-0.0555888
-0.055444
-0.0552991
-0.0551543
-0.0550096
-0.0548648
-0.0547201
-0.0545754
-0.0544308
-0.0542862
-0.0541416
-0.053997
-0.0538526
-0.0537081
-0.0535637
-0.0534193
-0.053275
-0.0531307
-0.0529865
-0.0528423
-0.0526981
-0.0525541
-0.05241
-0.0522661
-0.0521221
-0.0519783
-0.0518345
-0.0516907
-0.0515471
-0.0514034
-0.0512599
-0.0511164
-0.0509729
-0.0508296
-0.0506863
-0.0505431
-0.0503999
-0.0502568
-0.0501138
-0.0499709
-0.049828
-0.0496852
-0.0495425
-0.0493999
-0.0492574
-0.0491149
-0.0489725
-0.0488302
-0.048688
-0.0485459
-0.0484038
-0.0482619
-0.04812
-0.0479783
-0.0478366
-0.047695
-0.0475535
-0.0474121
-0.0472708
-0.0471296
-0.0469885
-0.0468475
-0.0467065
-0.0465657
-0.046425
-0.0462844
-0.0461439
-0.0460035
-0.0458632
-0.045723
-0.045583
-0.045443
-0.0453032
-0.0451634
-0.0450238
-0.0448843
-0.0447449
-0.0446056
-0.0444664
-0.0443274
-0.0441884
-0.0440496
-0.0439109
-0.0437723
-0.0436339
-0.0434955
-0.0433573
-0.0432192
-0.0430813
-0.0429435
-0.0428058
-0.0426682
-0.0425307
-0.0423934
-0.0422562
-0.0421192
-0.0419823
-0.0418455
-0.0417088
-0.0415723
-0.0414359
-0.0412997
-0.0411636
-0.0410276
-0.0408918
-0.0407561
-0.0406205
-0.0404851
-0.0403499
-0.0402147
-0.0400798
-0.0399449
-0.0398102
-0.0396757
-0.0395413
-0.0394071
-0.039273
-0.039139
-0.0390052
-0.0388716
-0.0387381
-0.0386048
-0.0384716
-0.0383386
-0.0382057
-0.038073
-0.0379404
-0.037808
-0.0376757
-0.0375437
-0.0374117
-0.03728
-0.0371483
-0.0370169
-0.0368856
-0.0367545
-0.0366235
-0.0364927
-0.0363621
-0.0362316
-0.0361013
-0.0359712
-0.0358412
-0.0357114
-0.0355818
-0.0354524
-0.0353231
-0.0351939
-0.035065
-0.0349362
-0.0348076
-0.0346792
-0.0345509
-0.0344228
-0.0342949
-0.0341672
-0.0340396
-0.0339123
-0.0337851
-0.033658
-0.0335312
-0.0334045
-0.033278
-0.0331517
-0.0330256
-0.0328996
-0.0327739
-0.0326483
-0.0325229
-0.0323977
-0.0322726
-0.0321478
-0.0320231
-0.0318987
-0.0317744
-0.0316503
-0.0315263
-0.0314026
-0.0312791
-0.0311557
-0.0310325
-0.0309096
-0.0307868
-0.0306642
-0.0305418
-0.0304196
-0.0302975
-0.0301757
-0.0300541
-0.0299326
-0.0298114
-0.0296903
-0.0295695
-0.0294488
-0.0293283
-0.0292081
-0.029088
-0.0289681
-0.0288484
-0.0287289
-0.0286096
-0.0284906
-0.0283717
-0.028253
-0.0281345
-0.0280162
-0.0278981
-0.0277802
-0.0276625
-0.027545
-0.0274278
-0.0273107
-0.0271938
-0.0270771
-0.0269606
-0.0268444
-0.0267283
-0.0266125
-0.0264968
-0.0263814
-0.0262661
-0.0261511
-0.0260363
-0.0259216
-0.0258072
-0.025693
-0.025579
-0.0254652
-0.0253516
-0.0252383
-0.0251251
-0.0250121
-0.0248994
-0.0247869
-0.0246745
-0.0245624
-0.0244505
-0.0243388
-0.0242273
-0.0241161
-0.024005
-0.0238942
-0.0237835
-0.0236731
-0.0235629
-0.0234529
-0.0233431
-0.0232336
-0.0231242
-0.0230151
-0.0229062
-0.0227975
-0.022689
-0.0225807
-0.0224726
-0.0223648
-0.0222572
-0.0221498
-0.0220426
-0.0219356
-0.0218288
-0.0217223
-0.021616
-0.0215099
-0.021404
-0.0212983
-0.0211929
-0.0210876
-0.0209826
-0.0208778
-0.0207733
-0.0206689
-0.0205648
-0.0204609
-0.0203572
-0.0202537
-0.0201504
-0.0200474
-0.0199446
-0.019842
-0.0197396
-0.0196375
-0.0195356
-0.0194339
-0.0193324
-0.0192311
-0.0191301
-0.0190293
-0.0189287
-0.0188283
-0.0187282
-0.0186282
-0.0185285
-0.018429
-0.0183298
-0.0182308
-0.018132
-0.0180334
-0.017935
-0.0178369
-0.017739
-0.0176413
-0.0175438
-0.0174466
-0.0173495
-0.0172528
-0.0171562
-0.0170598
-0.0169637
-0.0168678
-0.0167722
-0.0166767
-0.0165815
-0.0164865
-0.0163917
-0.0162972
-0.0162029
-0.0161088
-0.0160149
-0.0159213
-0.0158279
-0.0157347
-0.0156417
-0.015549
-0.0154565
-0.0153642
-0.0152722
-0.0151803
-0.0150887
-0.0149974
-0.0149062
-0.0148153
-0.0147246
-0.0146341
-0.0145439
-0.0144538
-0.0143641
-0.0142745
-0.0141851
-0.014096
-0.0140071
-0.0139185
-0.0138301
-0.0137419
-0.0136539
-0.0135661
-0.0134786
-0.0133913
-0.0133042
-0.0132174
-0.0131308
-0.0130444
-0.0129582
-0.0128723
-0.0127866
-0.0127011
-0.0126158
-0.0125308
-0.012446
-0.0123614
-0.012277
-0.0121929
-0.012109
-0.0120254
-0.0119419
-0.0118587
-0.0117757
-0.0116929
-0.0116104
-0.0115281
-0.011446
-0.0113641
-0.0112825
-0.0112011
-0.0111199
-0.0110389
-0.0109582
-0.0108777
-0.0107974
-0.0107174
-0.0106375
-0.0105579
-0.0104786
-0.0103994
-0.0103205
-0.0102418
-0.0101633
-0.0100851
-0.010007
-0.00992922
-0.00985165
-0.0097743
-0.00969717
-0.00962027
-0.00954359
-0.00946714
-0.00939091
-0.00931491
-0.00923913
-0.00916357
-0.00908824
-0.00901313
-0.00893825
-0.00886359
-0.00878915
-0.00871494
-0.00864095
-0.00856718
-0.00849364
-0.00842032
-0.00834722
-0.00827434
-0.00820169
-0.00812926
-0.00805705
-0.00798506
-0.0079133
-0.00784176
-0.00777044
-0.00769934
-0.00762846
-0.00755781
-0.00748738
-0.00741716
-0.00734717
-0.0072774
-0.00720785
-0.00713852
-0.00706941
-0.00700051
-0.00693183
-0.00686335
-0.00679509
-0.00672703
-0.00665918
-0.00659154
-0.00652412
-0.0064569
-0.00638989
-0.0063231
-0.00625651
-0.00619013
-0.00612397
-0.00605802
-0.00599227
-0.00592674
-0.00586142
-0.00579631
-0.00573141
-0.00566672
-0.00560224
-0.00553798
-0.00547393
-0.00541008
-0.00534645
-0.00528303
-0.00521983
-0.00515683
-0.00509405
-0.00503147
-0.00496911
-0.00490696
-0.00484502
-0.0047833
-0.00472178
-0.00466048
-0.00459939
-0.00453851
-0.00447784
-0.00441738
-0.00435714
-0.0042971
-0.00423728
-0.00417767
-0.00411827
-0.00405908
-0.00400011
-0.00394134
-0.00388279
-0.00382444
-0.00376631
-0.00370839
-0.00365068
-0.00359318
-0.00353589
-0.00347881
-0.00342194
-0.00336529
-0.00330884
-0.0032526
-0.00319658
-0.00314076
-0.00308515
-0.00302976
-0.00297457
-0.00291959
-0.00286482
-0.00281026
-0.00275591
-0.00270177
-0.00264784
-0.00259411
-0.0025406
-0.00248729
-0.00243419
-0.0023813
-0.00232862
-0.00227615
-0.00222388
-0.00217182
-0.00211997
-0.00206832
-0.00201688
-0.00196565
-0.00191462
-0.00186381
-0.00181319
-0.00176279
-0.00171258
-0.00166259
-0.0016128
-0.00156321
-0.00151383
-0.00146466
-0.00141568
-0.00136692
-0.00131835
-0.00126999
-0.00122184
-0.00117389
-0.00112614
-0.00107859
-0.00103125
-0.000984104
-0.000937165
-0.000890427
-0.000843891
-0.000797556
-0.000751423
-0.000705491
-0.000659759
-0.000614227
-0.000568896
-0.000523764
-0.000478832
-0.000434099
-0.000389565
-0.00034523
-0.000301093
-0.000257155
-0.000213415
-0.000169872
-0.000126526
-8.33774e-005
-4.04255e-005
2.32986e-006
4.48891e-005
8.72525e-005
0.000129421
0.000171394
0.000213172
0.000254756
0.000296146
0.000337343
0.000378347
0.000419158
0.000459777
0.000500204
0.000540439
0.000580484
0.000620337
0.000660001
0.000699474
0.000738758
0.000777853
0.000816759
0.000855477
0.000894006
0.000932349
0.000970504
0.00100847
0.00104625
0.00108385
0.00112126
0.00115849
0.00119553
0.00123238
0.00126906
0.00130554
0.00134185
0.00137797
0.00141391
0.00144967
0.00148525
0.00152065
0.00155586
0.00159089
0.00162575
0.00166042
0.00169492
0.00172924
0.00176338
0.00179734
0.00183112
0.00186473
0.00189816
0.00193141
0.00196449
0.00199739
0.00203012
0.00206267
0.00209505
0.00212725
0.00215928
0.00219114
0.00222282
0.00225433
0.00228567
0.00231684
0.00234784
0.00237867
0.00240932
0.00243981
0.00247013
0.00250028
0.00253025
0.00256007
0.00258971
0.00261918
0.00264849
0.00267764
0.00270661
0.00273542
0.00276407
0.00279254
0.00282086
0.00284901
0.002877
0.00290482
0.00293248
0.00295998
0.00298731
0.00301449
0.0030415
0.00306835
0.00309504
0.00312157
0.00314794
0.00317415
0.0032002
0.0032261
0.00325183
0.00327741
0.00330283
0.00332809
0.0033532
0.00337815
0.00340295
0.00342758
0.00345207
0.0034764
0.00350057
0.0035246
0.00354846
0.00357218
0.00359574
0.00361915
0.00364241
0.00366552
0.00368848
0.00371128
0.00373394
0.00375645
0.0037788
0.00380101
0.00382307
0.00384498
0.00386675
0.00388836
0.00390983
0.00393115
0.00395233
0.00397336
0.00399425
0.00401499
0.00403559
0.00405604
0.00407635
0.00409651
0.00411653
0.00413641
0.00415615
0.00417575
0.0041952
0.00421451
0.00423369
0.00425272
0.00427161
0.00429037
0.00430898
0.00432746
0.0043458
0.004364
0.00438206
0.00439998
0.00441777
0.00443543
0.00445294
0.00447033
0.00448757
0.00450468
0.00452166
0.00453851
0.00455522
0.0045718
0.00458824
0.00460455
0.00462073
0.00463678
0.0046527
0.00466849
0.00468415
0.00469968
0.00471507
0.00473034
0.00474548
0.00476049
0.00477538
0.00479014
0.00480476
0.00481927
0.00483364
0.00484789
0.00486202
0.00487602
0.00488989
0.00490364
0.00491727
0.00493077
0.00494415
0.0049574
0.00497054
0.00498355
0.00499644
0.00500921
0.00502185
0.00503438
0.00504679
0.00505907
0.00507124
0.00508329
0.00509522
0.00510703
0.00511872
0.0051303
0.00514176
0.0051531
0.00516432
0.00517543
0.00518643
0.00519731
0.00520807
0.00521872
0.00522925
0.00523967
0.00524998
0.00526018
0.00527026
0.00528023
0.00529009
0.00529983
0.00530947
0.00531899
0.00532841
0.00533771
0.00534691
0.00535599
0.00536497
0.00537384
0.0053826
0.00539125
0.0053998
0.00540823
0.00541657
0.00542479
0.00543291
0.00544092
0.00544883
0.00545664
0.00546434
0.00547193
0.00547942
0.00548681
0.0054941
0.00550128
0.00550836
0.00551534
0.00552221
0.00552899
0.00553567
0.00554224
0.00554872
0.00555509
0.00556137
0.00556754
0.00557362
0.0055796
0.00558548
0.00559127
0.00559696
0.00560255
0.00560804
0.00561344
0.00561874
0.00562395
0.00562906
0.00563408
0.005639
0.00564383
0.00564857
0.00565321
0.00565776
0.00566221
0.00566658
0.00567085
0.00567503
0.00567912
0.00568311
0.00568702
0.00569083
0.00569455
0.00569817
0.00570171
0.00570516
0.00570851
0.00571178
0.00571496
0.00571805
0.00572105
0.00572396
0.00572678
0.00572952
0.00573217
0.00573473
0.0057372
0.00573959
0.0057419
0.00574411
0.00574625
0.0057483
0.00575026
0.00575214
0.00575394
0.00575565
0.00575728
0.00575883
0.00576029
0.00576168
0.00576298
0.0057642
0.00576534
0.0057664
0.00576738
0.00576828
0.0057691
0.00576984
0.0057705
0.00577109
0.00577159
0.00577202
0.00577237
0.00577265
0.00577284
0.00577297
0.00577301
0.00577298
0.00577287
0.00577269
0.00577244
0.00577211
0.0057717
0.00577123
0.00577068
0.00577005
0.00576936
0.00576859
0.00576775
0.00576684
0.00576585
0.0057648
0.00576368
0.00576248
0.00576122
0.00575988
0.00575848
0.00575701
0.00575546
0.00575386
0.00575218
0.00575043
0.00574862
0.00574674
0.0057448
0.00574278
0.00574071
0.00573856
0.00573635
0.00573408
0.00573174
0.00572934
0.00572687
0.00572434
0.00572175
0.00571909
0.00571637
0.00571359
0.00571074
0.00570784
0.00570487
0.00570184
0.00569875
0.0056956
0.00569239
0.00568912
0.00568579
0.0056824
0.00567895
0.00567545
0.00567188
0.00566826
0.00566458
0.00566084
0.00565704
0.00565319
0.00564928
0.00564531
0.00564129
0.00563722
0.00563308
0.0056289
0.00562466
0.00562036
0.00561601
0.00561161
0.00560715
0.00560264
0.00559807
0.00559346
0.00558879
0.00558407
0.0055793
0.00557447
0.0055696
0.00556467
0.0055597
0.00555467
0.0055496
0.00554447
0.0055393
0.00553407
0.0055288
0.00552348
0.00551811
0.00551269
0.00550722
0.00550171
0.00549615
0.00549055
0.00548489
0.00547919
0.00547345
0.00546766
0.00546182
0.00545594
0.00545002
0.00544405
0.00543803
0.00543197
0.00542587
0.00541972
0.00541353
0.0054073
0.00540103
0.00539471
0.00538835
0.00538195
0.00537551
0.00536903
0.0053625
0.00535594
0.00534933
0.00534269
0.005336
0.00532928
0.00532251
0.00531571
0.00530887
0.00530199
0.00529507
0.00528811
0.00528111
0.00527408
0.00526701
0.0052599
0.00525276
0.00524558
0.00523836
0.00523111
0.00522382
0.0052165
0.00520914
0.00520175
0.00519432
0.00518686
0.00517936
0.00517183
0.00516427
0.00515667
0.00514904
0.00514137
0.00513368
0.00512595
0.00511819
0.00511039
0.00510257
0.00509471
0.00508682
0.0050789
0.00507095
0.00506297
0.00505496
0.00504692
0.00503885
0.00503075
0.00502262
0.00501447
0.00500628
0.00499806
0.00498982
0.00498155
0.00497325
0.00496492
0.00495657
0.00494818
0.00493978
0.00493134
0.00492288
0.00491439
0.00490587
0.00489733
0.00488877
0.00488018
0.00487156
0.00486292
0.00485425
0.00484556
0.00483685
0.00482811
0.00481935
0.00481056
0.00480175
0.00479292
0.00478406
0.00477518
0.00476628
0.00475736
0.00474842
0.00473945
0.00473046
0.00472145
0.00471242
0.00470337
0.00469429
0.0046852
0.00467609
0.00466695
0.0046578
0.00464862
0.00463943
0.00463022
0.00462099
0.00461174
0.00460247
0.00459318
0.00458387
0.00457455
0.00456521
0.00455585
0.00454647
0.00453708
0.00452766
0.00451824
0.00450879
0.00449933
0.00448985
0.00448036
0.00447085
0.00446132
0.00445178
0.00444223
0.00443265
0.00442307
0.00441347
0.00440385
0.00439422
0.00438458
0.00437492
0.00436525
0.00435556
0.00434586
0.00433615
0.00432642
0.00431669
0.00430693
0.00429717
0.00428739
0.00427761
0.00426781
0.004258
0.00424817
0.00423834
0.00422849
0.00421863
0.00420877
0.00419889
0.004189
0.0041791
0.00416919
0.00415927
0.00414934
0.0041394
0.00412945
0.0041195
0.00410953
0.00409955
0.00408957
0.00407957
0.00406957
0.00405956
0.00404954
0.00403952
0.00402948
0.00401944
0.00400939
0.00399934
0.00398927
0.0039792
0.00396912
0.00395904
0.00394895
0.00393885
0.00392875
0.00391864
0.00390853
0.0038984
0.00388828
0.00387815
0.00386801
0.00385787
0.00384772
0.00383757
0.00382741
0.00381725
0.00380709
0.00379692
0.00378674
0.00377657
0.00376639
0.0037562
0.00374601
0.00373582
0.00372563
0.00371543
0.00370523
0.00369503
0.00368482
0.00367461
0.0036644
0.00365419
0.00364398
0.00363376
0.00362354
0.00361332
0.0036031
0.00359288
0.00358266
0.00357243
0.00356221
0.00355198
0.00354176
0.00353153
0.0035213
0.00351108
0.00350085
0.00349062
0.00348039
0.00347017
0.00345994
0.00344971
0.00343949
0.00342927
0.00341904
0.00340882
0.0033986
0.00338838
0.00337816
0.00336795
0.00335773
0.00334752
0.00333731
0.0033271
0.00331689
0.00330669
0.00329649
0.00328629
0.00327609
0.0032659
0.00325571
0.00324552
0.00323534
0.00322516
0.00321498
0.0032048
0.00319463
0.00318447
0.00317431
0.00316415
0.00315399
0.00314384
0.0031337
0.00312356
0.00311342
0.00310329
0.00309316
0.00308304
0.00307292
0.00306281
0.0030527
0.0030426
0.0030325
0.00302241
0.00301233
0.00300225
0.00299217
0.00298211
0.00297204
0.00296199
0.00295194
0.0029419
0.00293186
0.00292183
0.00291181
0.00290179
0.00289178
0.00288178
0.00287179
0.0028618
0.00285182
0.00284184
0.00283188
0.00282192
0.00281197
0.00280203
0.00279209
0.00278216
0.00277225
0.00276233
0.00275243
0.00274254
0.00273265
0.00272277
0.00271291
0.00270304
0.00269319
0.00268335
0.00267352
0.00266369
0.00265388
0.00264407
0.00263427
0.00262449
0.00261471
0.00260494
0.00259518
0.00258543
0.00257569
0.00256596
0.00255624
0.00254653
0.00253683
0.00252714
0.00251746
0.00250779
0.00249813
0.00248849
0.00247885
0.00246922
0.00245961
0.00245
0.00244041
0.00243082
0.00242125
0.00241169
0.00240214
0.0023926
0.00238307
0.00237356
0.00236405
0.00235456
0.00234508
0.00233561
0.00232615
0.00231671
0.00230727
0.00229785
0.00228844
0.00227904
0.00226966
0.00226028
0.00225092
0.00224157
0.00223224
0.00222291
0.0022136
0.0022043
0.00219502
0.00218575
0.00217649
0.00216724
0.002158
0.00214878
0.00213957
0.00213038
0.0021212
0.00211203
0.00210287
0.00209373
0.0020846
0.00207549
0.00206639
0.0020573
0.00204822
0.00203916
0.00203012
0.00202108
0.00201206
0.00200306
0.00199407
0.00198509
0.00197613
0.00196718
0.00195825
0.00194933
0.00194042
0.00193153
0.00192265
0.00191379
0.00190494
0.00189611
0.00188729
0.00187848
0.0018697
0.00186092
0.00185216
0.00184342
0.00183469
0.00182597
0.00181727
0.00180859
0.00179992
0.00179126
0.00178262
0.001774
0.00176539
0.00175679
0.00174822
0.00173965
0.00173111
0.00172257
0.00171406
0.00170556
0.00169707
0.0016886
0.00168015
0.00167171
0.00166329
0.00165488
0.00164649
0.00163811
0.00162975
0.00162141
0.00161308
0.00160477
0.00159648
0.0015882
0.00157994
0.00157169
0.00156346
0.00155525
0.00154705
0.00153887
0.0015307
0.00152255
0.00151442
0.00150631
0.00149821
0.00149012
0.00148206
0.00147401
0.00146597
0.00145796
0.00144996
0.00144197
0.00143401
0.00142606
0.00141813
0.00141021
0.00140231
0.00139443
0.00138656
0.00137871
0.00137088
0.00136307
0.00135527
0.00134749
0.00133973
0.00133198
0.00132425
0.00131654
0.00130884
0.00130116
0.0012935
0.00128586
0.00127823
0.00127062
0.00126303
0.00125546
0.0012479
0.00124036
0.00123284
0.00122533
0.00121785
0.00121038
0.00120292
0.00119549
0.00118807
0.00118067
0.00117329
0.00116592
0.00115857
0.00115124
0.00114393
0.00113664
0.00112936
0.0011221
0.00111486
0.00110763
0.00110043
0.00109324
0.00108607
0.00107891
0.00107178
0.00106466
0.00105756
0.00105048
0.00104341
0.00103636
0.00102934
0.00102232
0.00101533
0.00100835
0.0010014
0.000994457
0.000987535
0.000980631
0.000973745
0.000966877
0.000960027
0.000953194
0.00094638
0.000939583
0.000932805
0.000926044
0.000919302
0.000912577
0.000905871
0.000899182
0.000892511
0.000885859
0.000879224
0.000872608
0.000866009
0.000859429
0.000852866
0.000846322
0.000839796
0.000833287
0.000826797
0.000820325
0.000813871
0.000807435
0.000801017
0.000794617
0.000788236
0.000781872
0.000775526
0.000769199
0.000762889
0.000756598
0.000750325
0.00074407
0.000737832
0.000731613
0.000725413
0.00071923
0.000713065
0.000706919
0.00070079
0.00069468
0.000688587
0.000682513
0.000676457
0.000670419
0.000664399
0.000658397
0.000652413
0.000646447
0.0006405
0.00063457
0.000628659
0.000622765
0.00061689
0.000611032
0.000605193
0.000599372
0.000593569
0.000587784
0.000582016
0.000576267
0.000570536
0.000564822
0.000559127
0.000553449
0.00054779
0.000542148
0.000536524
0.000530918
0.00052533
0.00051976
0.000514208
0.000508674
0.000503158
0.00049766
0.000492179
0.000486716
0.000481272
0.000475845
0.000470436
0.000465045
0.000459671
0.000454316
0.000448978
0.000443658
0.000438356
0.000433072
0.000427805
0.000422557
0.000417326
0.000412112
0.000406917
0.000401739
0.000396579
0.000391437
0.000386313
0.000381206
0.000376117
0.000371045
0.000365992
0.000360955
0.000355937
0.000350936
0.000345953
0.000340987
0.000336039
0.000331109
0.000326196
0.0003213
0.000316423
0.000311562
0.00030672
0.000301894
0.000297087
0.000292296
0.000287523
0.000282768
0.00027803
0.00027331
0.000268606
0.000263921
0.000259252
0.000254601
0.000249968
0.000245351
0.000240752
0.00023617
0.000231606
0.000227059
0.000222529
0.000218016
0.00021352
0.000209042
0.000204581
0.000200137
0.00019571
0.0001913
0.000186907
0.000182532
0.000178173
0.000173832
0.000169507
0.0001652
0.000160909
0.000156636
0.000152379
0.000148139
0.000143917
0.000139711
0.000135522
0.00013135
0.000127195
0.000123056
0.000118935
0.00011483
0.000110742
0.00010667
0.000102616
9.85778e-005
9.45565e-005
9.05519e-005
8.65639e-005
8.25925e-005
7.86377e-005
7.46994e-005
7.07777e-005
6.68725e-005
6.29838e-005
5.91116e-005
5.52559e-005
5.14165e-005
4.75936e-005
4.37871e-005
3.99969e-005
3.62231e-005
3.24656e-005
2.87244e-005
2.49994e-005
2.12907e-005
1.75983e-005
1.3922e-005
1.02619e-005
6.61796e-006
2.99014e-006
-6.21564e-007
-4.21719e-006
-7.79676e-006
-1.13603e-005
-1.49078e-005
-1.84394e-005
-2.1955e-005
-2.54547e-005
-2.89384e-005
-3.24063e-005
-3.58583e-005
-3.92945e-005
-4.27149e-005
-4.61196e-005
-4.95084e-005
-5.28816e-005
-5.6239e-005
-5.95808e-005
-6.2907e-005
-6.62175e-005
-6.95124e-005
-7.27918e-005
-7.60556e-005
-7.93039e-005
-8.25367e-005
-8.57541e-005
-8.8956e-005
-9.21425e-005
-9.53137e-005
-9.84695e-005
-0.00010161
-0.000104735
-0.000107845
-0.00011094
-0.000114019
-0.000117083
-0.000120133
-0.000123167
-0.000126185
-0.000129189
-0.000132178
-0.000135152
-0.000138111
-0.000141054
-0.000143983
-0.000146897
-0.000149796
-0.000152681
-0.00015555
-0.000158405
-0.000161244
-0.00016407
-0.00016688
-0.000169676
-0.000172457
-0.000175223
-0.000177975
-0.000180713
-0.000183436
-0.000186144
-0.000188838
-0.000191517
-0.000194182
-0.000196833
-0.000199469
-0.000202091
-0.000204699
-0.000207292
-0.000209871
-0.000212436
-0.000214987
-0.000217523
-0.000220046
-0.000222554
-0.000225049
-0.000227529
-0.000229996
-0.000232448
-0.000234886
-0.000237311
-0.000239722
-0.000242118
-0.000244501
-0.000246871
-0.000249226
-0.000251568
-0.000253896
-0.00025621
-0.000258511
-0.000260798
-0.000263072
-0.000265332
-0.000267579
-0.000269812
-0.000272031
-0.000274238
-0.000276431
-0.00027861
-0.000280776
-0.000282929
-0.000285069
-0.000287195
-0.000289308
-0.000291409
-0.000293495
-0.000295569
-0.00029763
-0.000299678
-0.000301712
-0.000303734
-0.000305743
-0.000307739
-0.000309722
-0.000311692
-0.000313649
-0.000315594
-0.000317526
-0.000319445
-0.000321351
-0.000323245
-0.000325126
-0.000326994
-0.00032885
-0.000330693
-0.000332524
-0.000334343
-0.000336149
-0.000337942
-0.000339723
-0.000341492
-0.000343249
-0.000344993
-0.000346725
-0.000348444
-0.000350152
-0.000351847
-0.000353531
-0.000355202
-0.000356861
-0.000358508
-0.000360143
-0.000361767
-0.000363378
-0.000364977
-0.000366565
-0.00036814
-0.000369704
-0.000371256
-0.000372797
-0.000374325
-0.000375842
-0.000377348
-0.000378841
-0.000380323
-0.000381794
-0.000383253
-0.000384701
-0.000386137
-0.000387562
-0.000388975
-0.000390377
-0.000391768
-0.000393147
-0.000394515
-0.000395872
-0.000397218
-0.000398553
-0.000399876
-0.000401188
-0.00040249
-0.00040378
-0.000405059
-0.000406328
-0.000407585
-0.000408832
-0.000410067
-0.000411292
-0.000412506
-0.000413709
-0.000414902
-0.000416083
-0.000417255
-0.000418415
-0.000419565
-0.000420704
-0.000421833
-0.000422951
-0.000424059
-0.000425156
-0.000426243
-0.000427319
-0.000428386
-0.000429441
-0.000430487
-0.000431522
-0.000432547
-0.000433562
-0.000434567
-0.000435561
-0.000436546
-0.00043752
-0.000438484
-0.000439439
-0.000440383
-0.000441318
-0.000442242
-0.000443157
-0.000444062
-0.000444957
-0.000445842
-0.000446718
-0.000447583
-0.000448439
-0.000449286
-0.000450123
-0.00045095
-0.000451768
-0.000452576
-0.000453375
-0.000454164
-0.000454944
-0.000455714
-0.000456475
-0.000457227
-0.000457969
-0.000458702
-0.000459426
-0.000460141
-0.000460847
-0.000461543
-0.00046223
-0.000462908
-0.000463578
-0.000464238
-0.000464889
-0.000465531
-0.000466164
-0.000466789
-0.000467404
-0.000468011
-0.000468609
-0.000469198
-0.000469778
-0.00047035
-0.000470913
-0.000471468
-0.000472013
-0.000472551
-0.000473079
-0.000473599
-0.000474111
-0.000474614
-0.000475109
-0.000475595
-0.000476073
-0.000476543
-0.000477004
-0.000477458
-0.000477902
-0.000478339
-0.000478768
-0.000479188
-0.0004796
-0.000480004
-0.0004804
-0.000480788
-0.000481169
-0.000481541
-0.000481905
-0.000482261
-0.000482609
-0.00048295
-0.000483283
-0.000483608
-0.000483925
-0.000484234
-0.000484536
-0.00048483
-0.000485116
-0.000485395
-0.000485666
-0.00048593
-0.000486186
-0.000486435
-0.000486676
-0.000486909
-0.000487136
-0.000487355
-0.000487566
-0.000487771
-0.000487968
-0.000488157
-0.00048834
-0.000488515
-0.000488684
-0.000488845
-0.000488999
-0.000489145
-0.000489285
-0.000489418
-0.000489544
-0.000489663
-0.000489775
-0.00048988
-0.000489978
-0.00049007
-0.000490154
-0.000490232
-0.000490303
-0.000490367
-0.000490425
-0.000490476
-0.00049052
-0.000490558
-0.000490589
-0.000490613
-0.000490631
-0.000490643
-0.000490648
-0.000490647
-0.000490639
-0.000490625
-0.000490604
-0.000490578
-0.000490545
-0.000490505
-0.00049046
-0.000490408
-0.00049035
-0.000490286
-0.000490216
-0.000490139
-0.000490057
-0.000489968
-0.000489874
-0.000489774
-0.000489667
-0.000489555
-0.000489437
-0.000489313
-0.000489183
-0.000489047
-0.000488906
-0.000488758
-0.000488605
-0.000488447
-0.000488282
-0.000488112
-0.000487937
-0.000487755
-0.000487568
-0.000487376
-0.000487178
-0.000486975
-0.000486766
-0.000486552
-0.000486332
-0.000486107
-0.000485877
-0.000485641
-0.0004854
-0.000485154
-0.000484902
-0.000484645
-0.000484384
-0.000484116
-0.000483844
-0.000483567
-0.000483284
-0.000482997
-0.000482704
-0.000482407
-0.000482104
-0.000481797
-0.000481484
-0.000481167
-0.000480845
-0.000480518
-0.000480186
-0.000479849
-0.000479508
-0.000479162
-0.000478811
-0.000478455
-0.000478095
-0.00047773
-0.000477361
-0.000476986
-0.000476608
-0.000476224
-0.000475837
-0.000475444
-0.000475048
-0.000474646
-0.000474241
-0.000473831
-0.000473416
-0.000472998
-0.000472575
-0.000472147
-0.000471716
-0.00047128
-0.00047084
-0.000470396
-0.000469947
-0.000469495
-0.000469038
-0.000468577
-0.000468112
-0.000467643
-0.00046717
-0.000466693
-0.000466213
-0.000465728
-0.000465239
-0.000464746
-0.000464249
-0.000463749
-0.000463245
-0.000462737
-0.000462225
-0.000461709
-0.00046119
-0.000460666
-0.00046014
-0.000459609
-0.000459075
-0.000458537
-0.000457996
-0.000457451
-0.000456902
-0.00045635
-0.000455795
-0.000455236
-0.000454673
-0.000454107
-0.000453538
-0.000452965
-0.000452389
-0.000451809
-0.000451227
-0.000450641
-0.000450051
-0.000449458
-0.000448863
-0.000448263
-0.000447661
-0.000447056
-0.000446447
-0.000445835
-0.00044522
-0.000444602
-0.000443981
-0.000443357
-0.00044273
-0.0004421
-0.000441467
-0.000440831
-0.000440192
-0.00043955
-0.000438905
-0.000438258
-0.000437607
-0.000436954
-0.000436298
-0.000435639
-0.000434977
-0.000434313
-0.000433646
-0.000432976
-0.000432303
-0.000431628
-0.00043095
-0.00043027
-0.000429587
-0.000428901
-0.000428213
-0.000427522
-0.000426829
-0.000426133
-0.000425435
-0.000424735
-0.000424031
-0.000423326
-0.000422618
-0.000421908
-0.000421195
-0.00042048
-0.000419763
-0.000419043
-0.000418321
-0.000417597
-0.000416871
-0.000416142
-0.000415411
-0.000414678
-0.000413943
-0.000413206
-0.000412467
-0.000411725
-0.000410981
-0.000410236
-0.000409488
-0.000408738
-0.000407987
-0.000407233
-0.000406477
-0.00040572
-0.00040496
-0.000404198
-0.000403435
-0.00040267
-0.000401903
-0.000401134
-0.000400363
-0.00039959
-0.000398816
-0.000398039
-0.000397261
-0.000396482
-0.0003957
-0.000394917
-0.000394133
-0.000393346
-0.000392558
-0.000391768
-0.000390977
-0.000390184
-0.00038939
-0.000388594
-0.000387796
-0.000386997
-0.000386196
-0.000385394
-0.00038459
-0.000383785
-0.000382979
-0.000382171
-0.000381362
-0.000380551
-0.000379739
-0.000378926
-0.000378111
-0.000377295
-0.000376477
-0.000375659
-0.000374839
-0.000374018
-0.000373195
-0.000372371
-0.000371547
-0.00037072
-0.000369893
-0.000369065
-0.000368235
-0.000367405
-0.000366573
-0.00036574
-0.000364906
-0.000364071
-0.000363235
-0.000362398
-0.00036156
-0.000360721
-0.000359881
-0.00035904
-0.000358198
-0.000357355
-0.000356511
-0.000355666
-0.00035482
-0.000353974
-0.000353126
-0.000352278
-0.000351429
-0.000350579
-0.000349728
-0.000348877
-0.000348024
-0.000347171
-0.000346317
-0.000345463
-0.000344608
-0.000343752
-0.000342895
-0.000342038
-0.00034118
-0.000340321
-0.000339462
-0.000338602
-0.000337741
-0.00033688
-0.000336019
-0.000335156
-0.000334294
-0.00033343
-0.000332566
-0.000331702
-0.000330837
-0.000329972
-0.000329106
-0.00032824
-0.000327373
-0.000326506
-0.000325638
-0.000324771
-0.000323902
-0.000323033
-0.000322164
-0.000321295
-0.000320425
-0.000319555
-0.000318685
-0.000317814
-0.000316943
-0.000316072
-0.0003152
-0.000314329
-0.000313457
-0.000312585
-0.000311712
-0.00031084
-0.000309967
-0.000309094
-0.000308221
-0.000307347
-0.000306474
-0.0003056
-0.000304727
-0.000303853
-0.000302979
-0.000302105
-0.000301231
-0.000300357
-0.000299483
-0.000298609
-0.000297735
-0.000296861
-0.000295986
-0.000295112
-0.000294238
-0.000293364
-0.00029249
-0.000291616
-0.000290742
-0.000289869
-0.000288995
-0.000288121
-0.000287248
-0.000286374
-0.000285501
-0.000284628
-0.000283755
-0.000282882
-0.00028201
-0.000281137
-0.000280265
-0.000279393
-0.000278522
-0.00027765
-0.000276779
-0.000275908
-0.000275037
-0.000274166
-0.000273296
-0.000272426
-0.000271557
-0.000270687
-0.000269819
-0.00026895
-0.000268082
-0.000267214
-0.000266346
-0.000265479
-0.000264612
-0.000263746
-0.00026288
-0.000262014
-0.000261149
-0.000260284
-0.00025942
-0.000258556
-0.000257692
-0.000256829
-0.000255967
-0.000255105
-0.000254244
-0.000253383
-0.000252522
-0.000251662
-0.000250803
-0.000249944
-0.000249085
-0.000248228
-0.00024737
-0.000246514
-0.000245658
-0.000244802
-0.000243947
-0.000243093
-0.00024224
-0.000241387
-0.000240534
-0.000239682
-0.000238831
-0.000237981
-0.000237131
-0.000236282
-0.000235434
-0.000234586
-0.000233739
-0.000232893
-0.000232047
-0.000231202
-0.000230358
-0.000229515
-0.000228672
-0.00022783
-0.000226989
-0.000226149
-0.000225309
-0.00022447
-0.000223632
-0.000222795
-0.000221959
-0.000221123
-0.000220288
-0.000219454
-0.000218621
-0.000217789
-0.000216957
-0.000216127
-0.000215297
-0.000214468
-0.00021364
-0.000212813
-0.000211987
-0.000211162
-0.000210338
-0.000209514
-0.000208692
-0.00020787
-0.000207049
-0.00020623
-0.000205411
-0.000204593
-0.000203776
-0.00020296
-0.000202145
-0.000201331
-0.000200518
-0.000199706
-0.000198895
-0.000198085
-0.000197276
-0.000196468
-0.000195661
-0.000194855
-0.000194051
-0.000193247
-0.000192444
-0.000191642
-0.000190841
-0.000190042
-0.000189243
-0.000188446
-0.000187649
-0.000186854
-0.00018606
-0.000185266
-0.000184474
-0.000183683
-0.000182894
-0.000182105
-0.000181317
-0.000180531
-0.000179745
-0.000178961
-0.000178178
-0.000177396
-0.000176616
-0.000175836
-0.000175058
-0.00017428
-0.000173504
-0.000172729
-0.000171956
-0.000171183
-0.000170412
-0.000169641
-0.000168873
-0.000168105
-0.000167338
-0.000166573
-0.000165809
-0.000165046
-0.000164284
-0.000163524
-0.000162765
-0.000162007
-0.00016125
-0.000160495
-0.000159741
-0.000158988
-0.000158236
-0.000157486
-0.000156737
-0.000155989
-0.000155242
-0.000154497
-0.000153753
-0.000153011
-0.000152269
-0.000151529
-0.00015079
-0.000150053
-0.000149317
-0.000148582
-0.000147848
-0.000147116
-0.000146385
-0.000145656
-0.000144928
-0.000144201
-0.000143475
-0.000142751
-0.000142029
-0.000141307
-0.000140587
-0.000139868
-0.000139151
-0.000138435
-0.00013772
-0.000137007
-0.000136295
-0.000135585
-0.000134876
-0.000134168
-0.000133462
-0.000132757
-0.000132053
-0.000131351
-0.00013065
-0.000129951
-0.000129253
-0.000128556
-0.000127861
-0.000127167
-0.000126475
-0.000125784
-0.000125095
-0.000124407
-0.00012372
-0.000123035
-0.000122351
-0.000121669
-0.000120988
-0.000120309
-0.000119631
-0.000118954
-0.000118279
-0.000117606
-0.000116934
-0.000116263
-0.000115594
-0.000114926
-0.000114259
-0.000113595
-0.000112931
-0.000112269
-0.000111609
-0.00011095
-0.000110292
-0.000109636
-0.000108982
-0.000108329
-0.000107677
-0.000107027
-0.000106378
-0.000105731
-0.000105086
-0.000104442
-0.000103799
-0.000103158
-0.000102518
-0.00010188
-0.000101243
-0.000100608
-9.99746e-005
-9.93425e-005
-9.87119e-005
-9.80828e-005
-9.74552e-005
-9.68291e-005
-9.62045e-005
-9.55815e-005
-9.49599e-005
-9.43399e-005
-9.37214e-005
-9.31044e-005
-9.2489e-005
-9.1875e-005
-9.12626e-005
-9.06517e-005
-9.00424e-005
-8.94345e-005
-8.88282e-005
-8.82235e-005
-8.76202e-005
-8.70185e-005
-8.64184e-005
-8.58197e-005
-8.52226e-005
-8.46271e-005
-8.4033e-005
-8.34406e-005
-8.28496e-005
-8.22602e-005
-8.16723e-005
-8.1086e-005
-8.05012e-005
-7.9918e-005
-7.93363e-005
-7.87562e-005
-7.81776e-005
-7.76005e-005
-7.7025e-005
-7.64511e-005
-7.58786e-005
-7.53078e-005
-7.47385e-005
-7.41707e-005
-7.36045e-005
-7.30399e-005
-7.24768e-005
-7.19152e-005
-7.13552e-005
-7.07968e-005
-7.02399e-005
-6.96845e-005
-6.91308e-005
-6.85785e-005
-6.80279e-005
-6.74787e-005
-6.69312e-005
-6.63852e-005
-6.58407e-005
-6.52978e-005
-6.47565e-005
-6.42167e-005
-6.36785e-005
-6.31418e-005
-6.26067e-005
-6.20732e-005
-6.15412e-005
-6.10107e-005
-6.04818e-005
-5.99545e-005
-5.94288e-005
-5.89045e-005
-5.83819e-005
-5.78608e-005
-5.73413e-005
-5.68233e-005
-5.63069e-005
-5.5792e-005
-5.52787e-005
-5.47669e-005
-5.42567e-005
-5.37481e-005
-5.3241e-005
-5.27355e-005
-5.22315e-005
-5.1729e-005
-5.12282e-005
-5.07289e-005
-5.02311e-005
-4.97349e-005
-4.92402e-005
-4.87471e-005
-4.82556e-005
-4.77655e-005
-4.72771e-005
-4.67902e-005
-4.63048e-005
-4.5821e-005
-4.53388e-005
-4.4858e-005
-4.43789e-005
-4.39013e-005
-4.34252e-005
-4.29507e-005
-4.24777e-005
-4.20062e-005
-4.15363e-005
-4.1068e-005
-4.06012e-005
-4.01359e-005
-3.96722e-005
-3.921e-005
-3.87493e-005
-3.82902e-005
-3.78326e-005
-3.73766e-005
-3.69221e-005
-3.64691e-005
-3.60177e-005
-3.55678e-005
-3.51194e-005
-3.46726e-005
-3.42272e-005
-3.37835e-005
-3.33412e-005
-3.29005e-005
-3.24613e-005
-3.20236e-005
-3.15875e-005
-3.11528e-005
-3.07197e-005
-3.02881e-005
-2.98581e-005
-2.94295e-005
-2.90025e-005
-2.8577e-005
-2.8153e-005
-2.77305e-005
-2.73095e-005
-2.689e-005
-2.64721e-005
-2.60556e-005
-2.56407e-005
-2.52273e-005
-2.48154e-005
-2.44049e-005
-2.3996e-005
-2.35886e-005
-2.31827e-005
-2.27783e-005
-2.23754e-005
-2.19739e-005
-2.1574e-005
-2.11756e-005
-2.07786e-005
-2.03832e-005
-1.99892e-005
-1.95967e-005
-1.92057e-005
-1.88162e-005
-1.84282e-005
-1.80417e-005
-1.76566e-005
-1.7273e-005
-1.68909e-005
-1.65103e-005
-1.61311e-005
-1.57534e-005
-1.53772e-005
-1.50025e-005
-1.46292e-005
-1.42574e-005
-1.3887e-005
-1.35182e-005
-1.31507e-005
-1.27848e-005
-1.24202e-005
-1.20572e-005
-1.16956e-005
-1.13354e-005
-1.09767e-005
-1.06195e-005
-1.02637e-005
-9.90934e-006
-9.55642e-006
-9.20495e-006
-8.85492e-006
-8.50633e-006
-8.15917e-006
-7.81344e-006
-7.46915e-006
-7.12629e-006
-6.78486e-006
-6.44485e-006
-6.10627e-006
-5.76912e-006
-5.43338e-006
-5.09907e-006
-4.76617e-006
-4.43468e-006
-4.10461e-006
-3.77595e-006
-3.44871e-006
-3.12286e-006
-2.79843e-006
-2.4754e-006
-2.15376e-006
-1.83353e-006
-1.5147e-006
-1.19726e-006
-8.81216e-007
-5.66562e-007
-2.53298e-007
5.85787e-008
3.6907e-007
6.78179e-007
9.85907e-007
1.29226e-006
1.59723e-006
1.90082e-006
2.20305e-006
2.5039e-006
2.80339e-006
3.10151e-006
3.39827e-006
3.69366e-006
3.9877e-006
4.28038e-006
4.5717e-006
4.86167e-006
5.15029e-006
5.43756e-006
5.72348e-006
6.00807e-006
6.2913e-006
6.5732e-006
6.85377e-006
7.13299e-006
7.41089e-006
7.68745e-006
7.96269e-006
8.2366e-006
8.50919e-006
8.78045e-006
9.0504e-006
9.31903e-006
9.58635e-006
9.85235e-006
1.01171e-005
1.03804e-005
1.06425e-005
1.09033e-005
1.11628e-005
1.1421e-005
1.16779e-005
1.19335e-005
1.21878e-005
1.24408e-005
1.26925e-005
1.2943e-005
1.31921e-005
1.344e-005
1.36866e-005
1.3932e-005
1.4176e-005
1.44188e-005
1.46604e-005
1.49006e-005
1.51396e-005
1.53774e-005
1.56139e-005
1.58491e-005
1.60831e-005
1.63159e-005
1.65474e-005
1.67776e-005
1.70066e-005
1.72344e-005
1.74609e-005
1.76862e-005
1.79103e-005
1.81331e-005
1.83548e-005
1.85751e-005
1.87943e-005
1.90123e-005
1.9229e-005
1.94445e-005
1.96588e-005
1.9872e-005
2.00839e-005
2.02945e-005
2.0504e-005
2.07123e-005
2.09194e-005
2.11254e-005
2.13301e-005
2.15336e-005
2.1736e-005
2.19371e-005
2.21371e-005
2.23359e-005
2.25336e-005
2.273e-005
2.29253e-005
2.31195e-005
2.33124e-005
2.35042e-005
2.36949e-005
2.38844e-005
2.40727e-005
2.42599e-005
2.44459e-005
2.46308e-005
2.48146e-005
2.49972e-005
2.51787e-005
2.5359e-005
2.55382e-005
2.57163e-005
2.58932e-005
2.60691e-005
2.62438e-005
2.64174e-005
2.65898e-005
2.67612e-005
2.69315e-005
2.71006e-005
2.72686e-005
2.74356e-005
2.76014e-005
2.77662e-005
2.79298e-005
2.80924e-005
2.82538e-005
2.84142e-005
2.85735e-005
2.87317e-005
2.88889e-005
2.90449e-005
2.91999e-005
2.93539e-005
2.95067e-005
2.96585e-005
2.98092e-005
2.99589e-005
3.01075e-005
3.02551e-005
3.04016e-005
3.05471e-005
3.06915e-005
3.08349e-005
3.09772e-005
3.11185e-005
3.12588e-005
3.1398e-005
3.15363e-005
3.16734e-005
3.18096e-005
3.19448e-005
3.20789e-005
3.2212e-005
3.23441e-005
3.24752e-005
3.26053e-005
3.27344e-005
3.28624e-005
3.29895e-005
3.31156e-005
3.32407e-005
3.33648e-005
3.34879e-005
3.36101e-005
3.37312e-005
3.38514e-005
3.39706e-005
3.40888e-005
3.42061e-005
3.43224e-005
3.44377e-005
3.45521e-005
3.46655e-005
3.47779e-005
3.48894e-005
3.5e-005
3.51096e-005
3.52182e-005
3.5326e-005
3.54327e-005
3.55386e-005
3.56435e-005
3.57474e-005
3.58505e-005
3.59526e-005
3.60538e-005
3.61541e-005
3.62534e-005
3.63518e-005
3.64494e-005
3.6546e-005
3.66417e-005
3.67365e-005
3.68304e-005
3.69234e-005
3.70156e-005
3.71068e-005
3.71971e-005
3.72866e-005
3.73751e-005
3.74628e-005
3.75496e-005
3.76355e-005
3.77206e-005
3.78048e-005
3.78881e-005
3.79705e-005
3.80521e-005
3.81329e-005
3.82127e-005
3.82918e-005
3.83699e-005
3.84472e-005
3.85237e-005
3.85994e-005
3.86741e-005
3.87481e-005
3.88212e-005
3.88935e-005
3.8965e-005
3.90356e-005
3.91054e-005
3.91744e-005
3.92426e-005
3.93099e-005
3.93765e-005
3.94422e-005
3.95071e-005
3.95713e-005
3.96346e-005
3.96971e-005
3.97588e-005
3.98198e-005
3.98799e-005
3.99393e-005
3.99978e-005
4.00556e-005
4.01126e-005
4.01689e-005
4.02243e-005
4.0279e-005
4.03329e-005
4.03861e-005
4.04385e-005
4.04901e-005
4.0541e-005
4.05911e-005
4.06404e-005
4.0689e-005
4.07369e-005
4.0784e-005
4.08304e-005
4.0876e-005
4.09209e-005
4.09651e-005
4.10085e-005
4.10512e-005
4.10932e-005
4.11345e-005
4.1175e-005
4.12148e-005
4.12539e-005
4.12923e-005
4.133e-005
4.1367e-005
4.14032e-005
4.14388e-005
4.14737e-005
4.15078e-005
4.15413e-005
4.15741e-005
4.16062e-005
4.16376e-005
4.16683e-005
4.16984e-005
4.17278e-005
4.17565e-005
4.17845e-005
4.18118e-005
4.18385e-005
4.18645e-005
4.18899e-005
4.19146e-005
4.19386e-005
4.1962e-005
4.19847e-005
4.20068e-005
4.20282e-005
4.2049e-005
4.20692e-005
4.20887e-005
4.21076e-005
4.21258e-005
4.21434e-005
4.21604e-005
4.21767e-005
4.21925e-005
4.22076e-005
4.22221e-005
4.22359e-005
4.22492e-005
4.22618e-005
4.22739e-005
4.22853e-005
4.22961e-005
4.23064e-005
4.2316e-005
4.2325e-005
4.23335e-005
4.23413e-005
4.23486e-005
4.23553e-005
4.23614e-005
4.23669e-005
4.23718e-005
4.23762e-005
4.238e-005
4.23832e-005
4.23858e-005
4.23879e-005
4.23895e-005
4.23904e-005
4.23908e-005
4.23907e-005
4.239e-005
4.23887e-005
4.23869e-005
4.23845e-005
4.23816e-005
4.23782e-005
4.23742e-005
4.23697e-005
4.23647e-005
4.23591e-005
4.2353e-005
4.23464e-005
4.23392e-005
4.23315e-005
4.23233e-005
4.23146e-005
4.23054e-005
4.22957e-005
4.22854e-005
4.22747e-005
4.22634e-005
4.22517e-005
4.22394e-005
4.22266e-005
4.22134e-005
4.21996e-005
4.21854e-005
4.21707e-005
4.21555e-005
4.21398e-005
4.21236e-005
4.21069e-005
4.20898e-005
4.20722e-005
4.20541e-005
4.20356e-005
4.20166e-005
4.19971e-005
4.19772e-005
4.19568e-005
4.19359e-005
4.19146e-005
4.18928e-005
4.18706e-005
4.1848e-005
4.18248e-005
4.18013e-005
4.17773e-005
4.17529e-005
4.1728e-005
4.17027e-005
4.16769e-005
4.16508e-005
4.16242e-005
4.15971e-005
4.15697e-005
4.15418e-005
4.15135e-005
4.14848e-005
4.14557e-005
4.14262e-005
4.13962e-005
4.13659e-005
4.13351e-005
4.1304e-005
4.12724e-005
4.12405e-005
4.12081e-005
4.11753e-005
4.11422e-005
4.11087e-005
4.10747e-005
4.10404e-005
4.10057e-005
4.09707e-005
4.09352e-005
4.08994e-005
4.08632e-005
4.08266e-005
4.07896e-005
4.07523e-005
4.07146e-005
4.06766e-005
4.06382e-005
4.05994e-005
4.05602e-005
4.05208e-005
4.04809e-005
4.04407e-005
4.04002e-005
4.03593e-005
4.0318e-005
4.02764e-005
4.02345e-005
4.01923e-005
4.01497e-005
4.01067e-005
4.00634e-005
4.00198e-005
3.99759e-005
3.99316e-005
3.98871e-005
3.98421e-005
3.97969e-005
3.97514e-005
3.97055e-005
3.96593e-005
3.96128e-005
3.9566e-005
3.95189e-005
3.94715e-005
3.94237e-005
3.93757e-005
3.93274e-005
3.92787e-005
3.92298e-005
3.91806e-005
3.91311e-005
3.90813e-005
3.90312e-005
3.89808e-005
3.89301e-005
3.88791e-005
3.88279e-005
3.87764e-005
3.87246e-005
3.86725e-005
3.86202e-005
3.85676e-005
3.85147e-005
3.84615e-005
3.84081e-005
3.83544e-005
3.83004e-005
3.82462e-005
3.81917e-005
3.8137e-005
3.8082e-005
3.80268e-005
3.79713e-005
3.79156e-005
3.78596e-005
3.78033e-005
3.77469e-005
3.76901e-005
3.76332e-005
3.7576e-005
3.75185e-005
3.74609e-005
3.7403e-005
3.73448e-005
3.72864e-005
3.72278e-005
3.7169e-005
3.711e-005
3.70507e-005
3.69912e-005
3.69315e-005
3.68716e-005
3.68114e-005
3.67511e-005
3.66905e-005
3.66297e-005
3.65687e-005
3.65075e-005
3.64461e-005
3.63845e-005
3.63227e-005
3.62607e-005
3.61985e-005
3.61361e-005
3.60735e-005
3.60107e-005
3.59477e-005
3.58845e-005
3.58212e-005
3.57576e-005
3.56939e-005
3.563e-005
3.55659e-005
3.55016e-005
3.54371e-005
3.53725e-005
3.53077e-005
3.52427e-005
3.51775e-005
3.51122e-005
3.50467e-005
3.4981e-005
3.49152e-005
3.48492e-005
3.47831e-005
3.47167e-005
3.46503e-005
3.45836e-005
3.45168e-005
3.44499e-005
3.43828e-005
3.43155e-005
3.42481e-005
3.41806e-005
3.41129e-005
3.40451e-005
3.39771e-005
3.39089e-005
3.38407e-005
3.37723e-005
3.37037e-005
3.3635e-005
3.35662e-005
3.34973e-005
3.34282e-005
3.3359e-005
3.32897e-005
3.32202e-005
3.31506e-005
3.30809e-005
3.3011e-005
3.29411e-005
3.2871e-005
3.28008e-005
3.27305e-005
3.26601e-005
3.25895e-005
3.25189e-005
3.24481e-005
3.23772e-005
3.23062e-005
3.22351e-005
3.21639e-005
3.20926e-005
3.20212e-005
3.19497e-005
3.18781e-005
3.18064e-005
3.17346e-005
3.16627e-005
3.15907e-005
3.15186e-005
3.14464e-005
3.13741e-005
3.13018e-005
3.12293e-005
3.11568e-005
3.10842e-005
3.10115e-005
3.09387e-005
3.08658e-005
3.07929e-005
3.07199e-005
3.06467e-005
3.05736e-005
3.05003e-005
3.0427e-005
3.03536e-005
3.02801e-005
3.02066e-005
3.0133e-005
3.00593e-005
2.99855e-005
2.99117e-005
2.98379e-005
2.97639e-005
2.969e-005
2.96159e-005
2.95418e-005
2.94676e-005
2.93934e-005
2.93191e-005
2.92448e-005
2.91704e-005
2.9096e-005
2.90215e-005
2.8947e-005
2.88724e-005
2.87978e-005
2.87231e-005
2.86484e-005
2.85736e-005
2.84988e-005
2.8424e-005
2.83491e-005
2.82742e-005
2.81992e-005
2.81242e-005
2.80492e-005
2.79741e-005
2.78991e-005
2.78239e-005
2.77488e-005
2.76736e-005
2.75984e-005
2.75231e-005
2.74479e-005
2.73726e-005
2.72973e-005
2.7222e-005
2.71466e-005
2.70712e-005
2.69958e-005
2.69204e-005
2.6845e-005
2.67696e-005
2.66941e-005
2.66186e-005
2.65431e-005
2.64676e-005
2.63921e-005
2.63166e-005
2.62411e-005
2.61655e-005
2.609e-005
2.60145e-005
2.59389e-005
2.58634e-005
2.57878e-005
2.57122e-005
2.56367e-005
2.55611e-005
2.54856e-005
2.541e-005
2.53345e-005
2.52589e-005
2.51834e-005
2.51078e-005
2.50323e-005
2.49568e-005
2.48813e-005
2.48058e-005
2.47303e-005
2.46548e-005
2.45793e-005
2.45039e-005
2.44284e-005
2.4353e-005
2.42776e-005
2.42022e-005
2.41268e-005
2.40515e-005
2.39762e-005
2.39008e-005
2.38256e-005
2.37503e-005
2.3675e-005
2.35998e-005
2.35246e-005
2.34495e-005
2.33743e-005
2.32992e-005
2.32241e-005
2.31491e-005
2.30741e-005
2.29991e-005
2.29241e-005
2.28492e-005
2.27743e-005
2.26995e-005
2.26246e-005
2.25499e-005
2.24751e-005
2.24004e-005
2.23257e-005
2.22511e-005
2.21765e-005
2.2102e-005
2.20275e-005
2.1953e-005
2.18786e-005
2.18042e-005
2.17299e-005
2.16556e-005
2.15814e-005
2.15072e-005
2.1433e-005
2.13589e-005
2.12849e-005
2.12109e-005
2.1137e-005
2.10631e-005
2.09892e-005
2.09155e-005
2.08417e-005
2.07681e-005
2.06944e-005
2.06209e-005
2.05474e-005
2.04739e-005
2.04005e-005
2.03272e-005
2.02539e-005
2.01807e-005
2.01076e-005
2.00345e-005
1.99615e-005
1.98885e-005
1.98156e-005
1.97428e-005
1.967e-005
1.95973e-005
1.95247e-005
1.94521e-005
1.93796e-005
1.93072e-005
1.92348e-005
1.91625e-005
1.90903e-005
1.90182e-005
1.89461e-005
1.88741e-005
1.88022e-005
1.87303e-005
1.86585e-005
1.85868e-005
1.85152e-005
1.84436e-005
1.83721e-005
1.83007e-005
1.82294e-005
1.81581e-005
1.8087e-005
1.80159e-005
1.79449e-005
1.78739e-005
1.78031e-005
1.77323e-005
1.76616e-005
1.7591e-005
1.75205e-005
1.74501e-005
1.73797e-005
1.73095e-005
1.72393e-005
1.71692e-005
1.70992e-005
1.70293e-005
1.69595e-005
1.68897e-005
1.68201e-005
1.67505e-005
1.6681e-005
1.66116e-005
1.65424e-005
1.64732e-005
1.6404e-005
1.6335e-005
1.62661e-005
1.61973e-005
1.61285e-005
1.60599e-005
1.59913e-005
1.59229e-005
1.58545e-005
1.57863e-005
1.57181e-005
1.565e-005
1.55821e-005
1.55142e-005
1.54464e-005
1.53788e-005
1.53112e-005
1.52437e-005
1.51763e-005
1.51091e-005
1.50419e-005
1.49748e-005
1.49079e-005
1.4841e-005
1.47742e-005
1.47076e-005
1.4641e-005
1.45746e-005
1.45082e-005
1.4442e-005
1.43758e-005
1.43098e-005
1.42439e-005
1.4178e-005
1.41123e-005
1.40467e-005
1.39812e-005
1.39158e-005
1.38506e-005
1.37854e-005
1.37203e-005
1.36554e-005
1.35905e-005
1.35258e-005
1.34612e-005
1.33967e-005
1.33323e-005
1.3268e-005
1.32038e-005
1.31397e-005
1.30758e-005
1.30119e-005
1.29482e-005
1.28846e-005
1.28211e-005
1.27577e-005
1.26944e-005
1.26313e-005
1.25682e-005
1.25053e-005
1.24425e-005
1.23798e-005
1.23172e-005
1.22548e-005
1.21924e-005
1.21302e-005
1.20681e-005
1.20061e-005
1.19442e-005
1.18825e-005
1.18209e-005
1.17593e-005
1.16979e-005
1.16367e-005
1.15755e-005
1.15145e-005
1.14536e-005
1.13928e-005
1.13321e-005
1.12715e-005
1.12111e-005
1.11508e-005
1.10906e-005
1.10306e-005
1.09706e-005
1.09108e-005
1.08511e-005
1.07915e-005
1.07321e-005
1.06727e-005
1.06135e-005
1.05545e-005
1.04955e-005
1.04367e-005
1.0378e-005
1.03194e-005
1.02609e-005
1.02026e-005
1.01444e-005
1.00863e-005
1.00284e-005
9.97054e-006
9.91284e-006
9.85527e-006
9.79782e-006
9.7405e-006
9.68331e-006
9.62624e-006
9.5693e-006
9.51249e-006
9.45581e-006
9.39926e-006
9.34283e-006
9.28653e-006
9.23036e-006
9.17432e-006
9.11841e-006
9.06263e-006
9.00697e-006
8.95145e-006
8.89605e-006
8.84079e-006
8.78565e-006
8.73064e-006
8.67577e-006
8.62102e-006
8.56641e-006
8.51192e-006
8.45757e-006
8.40334e-006
8.34925e-006
8.29529e-006
8.24146e-006
8.18776e-006
8.13419e-006
8.08075e-006
8.02745e-006
7.97428e-006
7.92123e-006
